PC	eigenvalue	proportion of total	cumulative proportion
0	1007.99511	0.06224	0.06224
1	604.42399	0.03732	0.09956
2	483.47081	0.02985	0.12941
3	336.73861	0.02079	0.1502
4	320.05604	0.01976	0.16997
5	268.97285	0.01661	0.18657
6	229.60333	0.01418	0.20075
7	177.66183	0.01097	0.21172
8	148.7297	0.00918	0.2209
9	138.32205	0.00854	0.22944
10	130.04985	0.00803	0.23747
11	125.84938	0.00777	0.24525
12	114.8966	0.00709	0.25234
13	111.48477	0.00688	0.25922
14	109.7442	0.00678	0.266
15	104.20537	0.00643	0.27243
16	101.51003	0.00627	0.2787
17	95.29985	0.00588	0.28459
18	93.19584	0.00575	0.29034
19	92.7839	0.00573	0.29607
20	88.42732	0.00546	0.30153
21	86.89185	0.00537	0.30689
22	85.7389	0.00529	0.31219
23	83.31216	0.00514	0.31733
24	79.31043	0.0049	0.32223
25	77.0574	0.00476	0.32699
26	76.24778	0.00471	0.3317
27	72.5103	0.00448	0.33617
28	71.30881	0.0044	0.34058
29	69.80601	0.00431	0.34489
30	69.26889	0.00428	0.34916
31	67.91268	0.00419	0.35336
32	67.04105	0.00414	0.3575
33	65.5464	0.00405	0.36154
34	64.46122	0.00398	0.36552
35	62.67432	0.00387	0.36939
36	62.41312	0.00385	0.37325
37	60.59049	0.00374	0.37699
38	60.15224	0.00371	0.3807
39	59.12008	0.00365	0.38435
40	57.79605	0.00357	0.38792
41	57.56143	0.00355	0.39148
42	57.04744	0.00352	0.395
43	56.09412	0.00346	0.39846
44	55.15688	0.00341	0.40187
45	53.98318	0.00333	0.4052
46	52.94484	0.00327	0.40847
47	52.54453	0.00324	0.41171
48	51.71464	0.00319	0.41491
49	50.96178	0.00315	0.41805
50	48.84624	0.00302	0.42107
51	48.6729	0.00301	0.42407
52	48.40913	0.00299	0.42706
53	48.07669	0.00297	0.43003
54	46.91714	0.0029	0.43293
55	46.09496	0.00285	0.43578
56	45.84978	0.00283	0.43861
57	45.31759	0.0028	0.4414
58	45.15391	0.00279	0.44419
59	44.3904	0.00274	0.44693
60	43.8165	0.00271	0.44964
61	43.41114	0.00268	0.45232
62	43.01595	0.00266	0.45498
63	42.84124	0.00265	0.45762
64	42.32838	0.00261	0.46023
65	41.88485	0.00259	0.46282
66	41.24158	0.00255	0.46537
67	40.77203	0.00252	0.46788
68	40.59983	0.00251	0.47039
69	40.12568	0.00248	0.47287
70	39.56042	0.00244	0.47531
71	39.43979	0.00244	0.47775
72	38.85367	0.0024	0.48015
73	38.45572	0.00237	0.48252
74	38.28236	0.00236	0.48488
75	38.02835	0.00235	0.48723
76	37.55684	0.00232	0.48955
77	37.18393	0.0023	0.49185
78	36.59462	0.00226	0.49411
79	36.49653	0.00225	0.49636
80	36.33212	0.00224	0.4986
81	35.67385	0.0022	0.50081
82	35.54391	0.00219	0.503
83	35.28323	0.00218	0.50518
84	35.12416	0.00217	0.50735
85	34.50347	0.00213	0.50948
86	34.38935	0.00212	0.5116
87	33.97824	0.0021	0.5137
88	33.63636	0.00208	0.51578
89	33.25252	0.00205	0.51783
90	33.05188	0.00204	0.51987
91	32.87473	0.00203	0.5219
92	32.56215	0.00201	0.52391
93	32.16776	0.00199	0.5259
94	32.07608	0.00198	0.52788
95	31.87515	0.00197	0.52985
96	31.62641	0.00195	0.5318
97	31.30575	0.00193	0.53373
98	31.19206	0.00193	0.53566
99	30.71805	0.0019	0.53755
100	30.6778	0.00189	0.53945
101	30.61457	0.00189	0.54134
102	30.37611	0.00188	0.54321
103	30.08502	0.00186	0.54507
104	29.885	0.00185	0.54692
105	29.61632	0.00183	0.54875
106	29.42852	0.00182	0.55056
107	29.18012	0.0018	0.55237
108	29.08621	0.0018	0.55416
109	28.81554	0.00178	0.55594
110	28.50523	0.00176	0.5577
111	28.18338	0.00174	0.55944
112	28.09716	0.00173	0.56118
113	27.98281	0.00173	0.5629
114	27.91534	0.00172	0.56463
115	27.67341	0.00171	0.56634
116	27.55652	0.0017	0.56804
117	27.20912	0.00168	0.56972
118	26.97106	0.00167	0.57138
119	26.77248	0.00165	0.57304
120	26.57673	0.00164	0.57468
121	26.36576	0.00163	0.5763
122	26.21483	0.00162	0.57792
123	26.15479	0.00161	0.57954
124	26.08151	0.00161	0.58115
125	25.75085	0.00159	0.58274
126	25.64076	0.00158	0.58432
127	25.363	0.00157	0.58589
128	25.21821	0.00156	0.58744
129	25.07279	0.00155	0.58899
130	24.96008	0.00154	0.59053
131	24.87854	0.00154	0.59207
132	24.79653	0.00153	0.5936
133	24.76996	0.00153	0.59513
134	24.67274	0.00152	0.59665
135	24.3835	0.00151	0.59816
136	24.32629	0.0015	0.59966
137	24.234	0.0015	0.60116
138	23.9512	0.00148	0.60264
139	23.84778	0.00147	0.60411
140	23.75316	0.00147	0.60558
141	23.68581	0.00146	0.60704
142	23.56178	0.00145	0.60849
143	23.45504	0.00145	0.60994
144	23.37646	0.00144	0.61139
145	23.08483	0.00143	0.61281
146	22.86945	0.00141	0.61422
147	22.67378	0.0014	0.61562
148	22.6557	0.0014	0.61702
149	22.61011	0.0014	0.61842
150	22.46925	0.00139	0.6198
151	22.43514	0.00139	0.62119
152	22.36081	0.00138	0.62257
153	22.18568	0.00137	0.62394
154	22.08121	0.00136	0.6253
155	21.99631	0.00136	0.62666
156	21.91884	0.00135	0.62802
157	21.71688	0.00134	0.62936
158	21.64522	0.00134	0.63069
159	21.537	0.00133	0.63202
160	21.40728	0.00132	0.63334
161	21.30988	0.00132	0.63466
162	21.18666	0.00131	0.63597
163	21.09569	0.0013	0.63727
164	20.98794	0.0013	0.63857
165	20.96571	0.00129	0.63986
166	20.89763	0.00129	0.64115
167	20.82764	0.00129	0.64244
168	20.76771	0.00128	0.64372
169	20.57401	0.00127	0.64499
170	20.49693	0.00127	0.64626
171	20.3844	0.00126	0.64751
172	20.2945	0.00125	0.64877
173	20.15814	0.00124	0.65001
174	20.02515	0.00124	0.65125
175	19.9097	0.00123	0.65248
176	19.91743	0.00123	0.65371
177	19.77174	0.00122	0.65493
178	19.61446	0.00121	0.65614
179	19.56679	0.00121	0.65735
180	19.52945	0.00121	0.65855
181	19.40882	0.0012	0.65975
182	19.2905	0.00119	0.66094
183	19.22503	0.00119	0.66213
184	19.23447	0.00119	0.66332
185	19.08407	0.00118	0.6645
186	19.05839	0.00118	0.66567
187	18.98682	0.00117	0.66685
188	18.8772	0.00117	0.66801
189	18.69028	0.00115	0.66917
190	18.60628	0.00115	0.67031
191	18.56436	0.00115	0.67146
192	18.49442	0.00114	0.6726
193	18.45675	0.00114	0.67374
194	18.33471	0.00113	0.67487
195	18.29914	0.00113	0.676
196	18.24059	0.00113	0.67713
197	18.12676	0.00112	0.67825
198	18.0848	0.00112	0.67937
199	18.03475	0.00111	0.68048
200	17.94845	0.00111	0.68159
201	17.86404	0.0011	0.68269
202	1.1022E-25	6.8057E-30	0.68269
203	17.77696	0.0011	0.68379
204	17.75401	0.0011	0.68489
205	17.64226	0.00109	0.68597
206	17.57465	0.00109	0.68706
207	17.54852	0.00108	0.68814
208	17.51629	0.00108	0.68922
209	17.48945	0.00108	0.6903
210	17.4476	0.00108	0.69138
211	17.36227	0.00107	0.69245
212	17.25235	0.00107	0.69352
213	17.18634	0.00106	0.69458
214	17.13281	0.00106	0.69564
215	17.07105	0.00105	0.69669
216	16.97533	0.00105	0.69774
217	16.94783	0.00105	0.69879
218	16.87156	0.00104	0.69983
219	16.80713	0.00104	0.70087
220	16.7733	0.00104	0.7019
221	16.6707	0.00103	0.70293
222	1.64519	1.0158E-4	0.70303
223	16.58386	0.00102	0.70406
224	16.52423	0.00102	0.70508
225	16.49775	0.00102	0.7061
226	16.40843	0.00101	0.70711
227	16.37978	0.00101	0.70812
228	16.34975	0.00101	0.70913
229	16.25154	0.001	0.71013
230	16.21785	0.001	0.71113
231	16.13413	9.9621E-4	0.71213
232	16.08634	9.9326E-4	0.71312
233	16.02938	9.8974E-4	0.71411
234	16.00793	9.8842E-4	0.7151
235	15.94018	9.8423E-4	0.71609
236	15.87302	9.8009E-4	0.71707
237	15.85894	9.7922E-4	0.71805
238	2.01543	1.2444E-4	0.71817
239	15.75871	9.7303E-4	0.71914
240	15.71245	9.7017E-4	0.72011
241	2.10217	1.298E-4	0.72024
242	2.12188	1.3102E-4	0.72037
243	15.64833	9.6621E-4	0.72134
244	15.6387	9.6562E-4	0.72231
245	15.57353	9.616E-4	0.72327
246	15.56199	9.6088E-4	0.72423
247	15.51841	9.5819E-4	0.72519
248	15.46581	9.5494E-4	0.72614
249	15.42692	9.5254E-4	0.72709
250	2.23683	1.3811E-4	0.72723
251	15.36481	9.4871E-4	0.72818
252	15.31978	9.4593E-4	0.72913
253	2.27406	1.4041E-4	0.72927
254	15.25065	9.4166E-4	0.73021
255	15.2146	9.3943E-4	0.73115
256	2.33033	1.4389E-4	0.73129
257	15.15827	9.3595E-4	0.73223
258	15.11356	9.3319E-4	0.73316
259	15.09397	9.3198E-4	0.73409
260	15.05078	9.2932E-4	0.73502
261	2.36036	1.4574E-4	0.73517
262	14.93745	9.2232E-4	0.73609
263	14.9007	9.2005E-4	0.73701
264	14.88267	9.1894E-4	0.73793
265	14.85005	9.1692E-4	0.73885
266	2.43884	1.5059E-4	0.739
267	2.4544	1.5155E-4	0.73915
268	14.78958	9.1319E-4	0.74006
269	2.4801	1.5314E-4	0.74022
270	2.49357	1.5397E-4	0.74037
271	14.74833	9.1064E-4	0.74128
272	2.51682	1.554E-4	0.74144
273	2.5378	1.567E-4	0.74159
274	2.56017	1.5808E-4	0.74175
275	2.56527	1.5839E-4	0.74191
276	14.68629	9.0681E-4	0.74282
277	14.66536	9.0552E-4	0.74372
278	14.62794	9.0321E-4	0.74462
279	14.58168	9.0035E-4	0.74552
280	2.61289	1.6133E-4	0.74569
281	2.6303	1.6241E-4	0.74585
282	2.6406	1.6305E-4	0.74601
283	2.65564	1.6397E-4	0.74618
284	2.67006	1.6486E-4	0.74634
285	14.51503	8.9624E-4	0.74724
286	2.70989	1.6732E-4	0.7474
287	2.72697	1.6838E-4	0.74757
288	2.7399	1.6918E-4	0.74774
289	14.46382	8.9308E-4	0.74863
290	14.42308	8.9056E-4	0.74952
291	2.78774	1.7213E-4	0.7497
292	2.80022	1.729E-4	0.74987
293	2.82394	1.7437E-4	0.75004
294	2.84728	1.7581E-4	0.75022
295	2.86202	1.7672E-4	0.7504
296	14.3748	8.8758E-4	0.75128
297	2.90101	1.7912E-4	0.75146
298	2.91567	1.8003E-4	0.75164
299	2.92885	1.8084E-4	0.75182
300	2.95345	1.8236E-4	0.75201
301	2.97087	1.8344E-4	0.75219
302	14.3219	8.8431E-4	0.75307
303	14.29425	8.8261E-4	0.75396
304	14.26431	8.8076E-4	0.75484
305	14.2136	8.7763E-4	0.75572
306	14.21001	8.774E-4	0.75659
307	3.00734	1.8569E-4	0.75678
308	3.02191	1.8659E-4	0.75697
309	3.04264	1.8787E-4	0.75715
310	3.05866	1.8886E-4	0.75734
311	14.14575	8.7344E-4	0.75822
312	3.10745	1.9187E-4	0.75841
313	3.11586	1.9239E-4	0.7586
314	3.15405	1.9475E-4	0.75879
315	3.1534	1.9471E-4	0.75899
316	3.18649	1.9675E-4	0.75919
317	3.20945	1.9817E-4	0.75938
318	14.08947	8.6996E-4	0.76025
319	3.2409	2.0011E-4	0.76045
320	3.26409	2.0154E-4	0.76066
321	3.26374	2.0152E-4	0.76086
322	3.31527	2.047E-4	0.76106
323	3.33192	2.0573E-4	0.76127
324	3.35643	2.0724E-4	0.76147
325	3.37965	2.0868E-4	0.76168
326	3.39539	2.0965E-4	0.76189
327	3.43243	2.1194E-4	0.76211
328	3.45481	2.1332E-4	0.76232
329	14.02687	8.661E-4	0.76318
330	14.01384	8.6529E-4	0.76405
331	13.97045	8.6261E-4	0.76491
332	13.94874	8.6127E-4	0.76577
333	3.52475	2.1764E-4	0.76599
334	3.5436	2.188E-4	0.76621
335	3.58858	2.2158E-4	0.76643
336	13.89892	8.582E-4	0.76729
337	13.82827	8.5383E-4	0.76814
338	13.80562	8.5243E-4	0.769
339	3.70224	2.286E-4	0.76922
340	3.73107	2.3038E-4	0.76946
341	13.76022	8.4963E-4	0.7703
342	13.71167	8.4663E-4	0.77115
343	13.71632	8.4692E-4	0.772
344	13.64692	8.4264E-4	0.77284
345	13.60201	8.3986E-4	0.77368
346	13.59548	8.3946E-4	0.77452
347	13.55793	8.3714E-4	0.77536
348	13.53635	8.3581E-4	0.77619
349	13.47359	8.3193E-4	0.77703
350	13.4406	8.299E-4	0.77786
351	3.96952	2.451E-4	0.7781
352	3.99719	2.4681E-4	0.77835
353	13.39231	8.2691E-4	0.77917
354	13.35173	8.2441E-4	0.78
355	13.31496	8.2214E-4	0.78082
356	13.28126	8.2006E-4	0.78164
357	13.26218	8.1888E-4	0.78246
358	4.08675	2.5234E-4	0.78271
359	13.23286	8.1707E-4	0.78353
360	13.22141	8.1636E-4	0.78435
361	13.18867	8.1434E-4	0.78516
362	13.15041	8.1198E-4	0.78597
363	13.1391	8.1128E-4	0.78678
364	4.15813	2.5675E-4	0.78704
365	13.0314	8.0463E-4	0.78784
366	13.00045	8.0272E-4	0.78865
367	12.97012	8.0085E-4	0.78945
368	4.20131	2.5941E-4	0.78971
369	12.92959	7.9834E-4	0.79051
370	12.90264	7.9668E-4	0.7913
371	12.8932	7.961E-4	0.7921
372	12.83639	7.9259E-4	0.79289
373	12.83233	7.9234E-4	0.79368
374	12.80231	7.9048E-4	0.79447
375	12.76715	7.8831E-4	0.79526
376	12.75166	7.8736E-4	0.79605
377	4.26866	2.6357E-4	0.79631
378	12.69972	7.8415E-4	0.7971
379	12.6727	7.8248E-4	0.79788
380	4.30335	2.6571E-4	0.79815
381	12.62603	7.796E-4	0.79892
382	12.59867	7.7791E-4	0.7997
383	12.53378	7.739E-4	0.80048
384	4.361	2.6927E-4	0.80075
385	12.4993	7.7178E-4	0.80152
386	12.46893	7.699E-4	0.80229
387	4.39235	2.7121E-4	0.80256
388	12.44156	7.6821E-4	0.80333
389	12.4077	7.6612E-4	0.80409
390	12.3801	7.6442E-4	0.80486
391	12.37323	7.6399E-4	0.80562
392	4.41796	2.7279E-4	0.80589
393	12.31967	7.6068E-4	0.80665
394	4.44758	2.7462E-4	0.80693
395	4.4663	2.7577E-4	0.80721
396	4.47144	2.7609E-4	0.80748
397	12.2686	7.5753E-4	0.80824
398	4.50682	2.7828E-4	0.80852
399	4.51544	2.7881E-4	0.8088
400	12.21374	7.5414E-4	0.80955
401	12.18551	7.524E-4	0.8103
402	12.17341	7.5165E-4	0.81105
403	12.16528	7.5115E-4	0.81181
404	12.14349	7.4981E-4	0.81256
405	4.58119	2.8287E-4	0.81284
406	4.59393	2.8365E-4	0.81312
407	4.62142	2.8535E-4	0.81341
408	4.63561	2.8623E-4	0.81369
409	12.08077	7.4593E-4	0.81444
410	4.66297	2.8792E-4	0.81473
411	12.05731	7.4448E-4	0.81547
412	12.03769	7.4327E-4	0.81621
413	12.00021	7.4096E-4	0.81696
414	11.98464	7.4E-4	0.8177
415	4.69177	2.897E-4	0.81799
416	4.7115	2.9091E-4	0.81828
417	4.72482	2.9174E-4	0.81857
418	11.91356	7.3561E-4	0.8193
419	11.90098	7.3483E-4	0.82004
420	11.88817	7.3404E-4	0.82077
421	11.85976	7.3229E-4	0.8215
422	4.7563	2.9368E-4	0.8218
423	4.7777	2.95E-4	0.82209
424	11.821	7.2989E-4	0.82282
425	4.80116	2.9645E-4	0.82312
426	11.79271	7.2815E-4	0.82385
427	11.76112	7.262E-4	0.82457
428	11.7495	7.2548E-4	0.8253
429	11.71853	7.2357E-4	0.82602
430	11.6961	7.2218E-4	0.82675
431	4.83688	2.9866E-4	0.82704
432	4.85173	2.9957E-4	0.82734
433	11.66617	7.2033E-4	0.82806
434	4.87972	3.013E-4	0.82837
435	4.88722	3.0176E-4	0.82867
436	11.61549	7.172E-4	0.82938
437	4.92577	3.0414E-4	0.82969
438	4.94941	3.056E-4	0.82999
439	11.58238	7.1516E-4	0.83071
440	11.55847	7.1368E-4	0.83142
441	4.98204	3.0762E-4	0.83173
442	5.00449	3.09E-4	0.83204
443	11.51462	7.1098E-4	0.83275
444	11.49374	7.0969E-4	0.83346
445	11.48616	7.0922E-4	0.83417
446	11.47215	7.0835E-4	0.83488
447	11.42485	7.0543E-4	0.83558
448	5.03165	3.1068E-4	0.83589
449	11.37561	7.0239E-4	0.8366
450	11.36891	7.0198E-4	0.8373
451	11.34772	7.0067E-4	0.838
452	5.05444	3.1209E-4	0.83831
453	11.32459	6.9924E-4	0.83901
454	5.07029	3.1307E-4	0.83932
455	11.29368	6.9733E-4	0.84002
456	11.26399	6.955E-4	0.84072
457	11.24692	6.9445E-4	0.84141
458	11.2332	6.936E-4	0.8421
459	11.21891	6.9272E-4	0.8428
460	11.19383	6.9117E-4	0.84349
461	5.08663	3.1408E-4	0.8438
462	5.10083	3.1495E-4	0.84412
463	11.16255	6.8924E-4	0.84481
464	11.14099	6.8791E-4	0.84549
465	5.13197	3.1688E-4	0.84581
466	11.09778	6.8524E-4	0.8465
467	5.14951	3.1796E-4	0.84681
468	5.16017	3.1862E-4	0.84713
469	5.18276	3.2001E-4	0.84745
470	11.06659	6.8331E-4	0.84814
471	5.20702	3.2151E-4	0.84846
472	5.22302	3.225E-4	0.84878
473	11.03684	6.8147E-4	0.84946
474	11.01949	6.804E-4	0.85014
475	5.24397	3.2379E-4	0.85047
476	5.26481	3.2508E-4	0.85079
477	5.2888	3.2656E-4	0.85112
478	5.29573	3.2699E-4	0.85144
479	5.30152	3.2734E-4	0.85177
480	5.30694	3.2768E-4	0.8521
481	10.98516	6.7828E-4	0.85278
482	10.96848	6.7725E-4	0.85346
483	5.34557	3.3006E-4	0.85379
484	10.93229	6.7502E-4	0.85446
485	10.91991	6.7425E-4	0.85513
486	10.90753	6.7349E-4	0.85581
487	10.8913	6.7249E-4	0.85648
488	10.86493	6.7086E-4	0.85715
489	5.37236	3.3172E-4	0.85748
490	5.38197	3.3231E-4	0.85782
491	5.38674	3.3261E-4	0.85815
492	5.4033	3.3363E-4	0.85848
493	10.84303	6.6951E-4	0.85915
494	10.80697	6.6728E-4	0.85982
495	10.79532	6.6656E-4	0.86049
496	5.43944	3.3586E-4	0.86082
497	10.74129	6.6323E-4	0.86148
498	5.46648	3.3753E-4	0.86182
499	5.48539	3.387E-4	0.86216
500	5.49541	3.3932E-4	0.8625
501	10.72442	6.6218E-4	0.86316
502	10.70387	6.6092E-4	0.86382
503	10.69217	6.6019E-4	0.86448
504	10.67317	6.5902E-4	0.86514
505	10.65949	6.5818E-4	0.8658
506	10.637	6.5679E-4	0.86646
507	10.60854	6.5503E-4	0.86711
508	10.5904	6.5391E-4	0.86777
509	10.58507	6.5358E-4	0.86842
510	5.5197	3.4082E-4	0.86876
511	5.53099	3.4151E-4	0.8691
512	5.54404	3.4232E-4	0.86944
513	10.54857	6.5133E-4	0.8701
514	10.52665	6.4997E-4	0.87075
515	10.50841	6.4885E-4	0.87139
516	5.57541	3.4426E-4	0.87174
517	10.46224	6.46E-4	0.87238
518	5.59146	3.4525E-4	0.87273
519	10.43626	6.4439E-4	0.87337
520	10.42003	6.4339E-4	0.87402
521	10.4121	6.429E-4	0.87466
522	10.39364	6.4176E-4	0.8753
523	10.37328	6.405E-4	0.87594
524	10.35259	6.3923E-4	0.87658
525	5.6113	3.4647E-4	0.87693
526	5.61398	3.4664E-4	0.87728
527	5.63622	3.4801E-4	0.87762
528	5.64683	3.4867E-4	0.87797
529	5.6613	3.4956E-4	0.87832
530	5.67343	3.5031E-4	0.87867
531	5.68291	3.5089E-4	0.87902
532	5.71465	3.5285E-4	0.87938
533	5.71935	3.5314E-4	0.87973
534	10.32687	6.3764E-4	0.88037
535	5.74544	3.5475E-4	0.88072
536	10.29237	6.3551E-4	0.88136
537	5.77577	3.5663E-4	0.88171
538	5.78965	3.5748E-4	0.88207
539	10.26646	6.3391E-4	0.8827
540	10.24638	6.3267E-4	0.88334
541	10.24134	6.3236E-4	0.88397
542	10.20836	6.3032E-4	0.8846
543	10.20043	6.2983E-4	0.88523
544	10.15454	6.27E-4	0.88586
545	10.14913	6.2666E-4	0.88648
546	10.13417	6.2574E-4	0.88711
547	5.81516	3.5906E-4	0.88747
548	5.82704	3.5979E-4	0.88783
549	5.83943	3.6056E-4	0.88819
550	10.08626	6.2278E-4	0.88881
551	5.86499	3.6214E-4	0.88917
552	5.88149	3.6316E-4	0.88954
553	5.888	3.6356E-4	0.8899
554	10.06475	6.2145E-4	0.89052
555	10.03998	6.1992E-4	0.89114
556	10.02718	6.1913E-4	0.89176
557	10.01217	6.1821E-4	0.89238
558	10.00261	6.1762E-4	0.893
559	9.98138	6.1631E-4	0.89361
560	5.91344	3.6513E-4	0.89398
561	5.93012	3.6616E-4	0.89434
562	5.9389	3.667E-4	0.89471
563	5.95522	3.6771E-4	0.89508
564	9.94386	6.1399E-4	0.89569
565	9.9319	6.1325E-4	0.89631
566	5.98371	3.6947E-4	0.89668
567	5.99296	3.7004E-4	0.89705
568	5.99898	3.7041E-4	0.89742
569	6.02655	3.7211E-4	0.89779
570	6.03419	3.7258E-4	0.89816
571	9.88573	6.104E-4	0.89877
572	9.86791	6.093E-4	0.89938
573	9.86003	6.0881E-4	0.89999
574	6.06757	3.7465E-4	0.90036
575	6.06492	3.7448E-4	0.90074
576	6.09707	3.7647E-4	0.90111
577	9.81665	6.0613E-4	0.90172
578	9.80401	6.0535E-4	0.90233
579	9.77661	6.0366E-4	0.90293
580	9.76863	6.0317E-4	0.90353
581	9.74768	6.0188E-4	0.90413
582	9.71434	5.9982E-4	0.90473
583	9.69748	5.9878E-4	0.90533
584	9.68142	5.9778E-4	0.90593
585	9.66367	5.9669E-4	0.90653
586	9.65018	5.9586E-4	0.90712
587	6.1229	3.7806E-4	0.9075
588	6.12945	3.7847E-4	0.90788
589	9.60168	5.9286E-4	0.90847
590	9.59538	5.9247E-4	0.90907
591	9.57185	5.9102E-4	0.90966
592	6.15641	3.8013E-4	0.91004
593	6.16787	3.8084E-4	0.91042
594	6.18528	3.8191E-4	0.9108
595	6.19323	3.824E-4	0.91118
596	6.20727	3.8327E-4	0.91156
597	6.21962	3.8403E-4	0.91195
598	6.23736	3.8513E-4	0.91233
599	6.25026	3.8593E-4	0.91272
600	9.54321	5.8925E-4	0.91331
601	9.5299	5.8843E-4	0.9139
602	6.26735	3.8698E-4	0.91428
603	9.50135	5.8667E-4	0.91487
604	9.4876	5.8582E-4	0.91546
605	9.45045	5.8352E-4	0.91604
606	9.43216	5.8239E-4	0.91662
607	9.41966	5.8162E-4	0.9172
608	6.30035	3.8902E-4	0.91759
609	6.30646	3.894E-4	0.91798
610	6.31787	3.901E-4	0.91837
611	9.39191	5.7991E-4	0.91895
612	6.34448	3.9174E-4	0.91934
613	6.35424	3.9235E-4	0.91974
614	9.35837	5.7784E-4	0.92031
615	9.35134	5.774E-4	0.92089
616	6.38268	3.941E-4	0.92129
617	6.39847	3.9508E-4	0.92168
618	6.4246	3.9669E-4	0.92208
619	6.41654	3.9619E-4	0.92247
620	6.44137	3.9773E-4	0.92287
621	6.46248	3.9903E-4	0.92327
622	6.4688	3.9942E-4	0.92367
623	6.48861	4.0064E-4	0.92407
624	6.50523	4.0167E-4	0.92447
625	6.52456	4.0286E-4	0.92488
626	6.54573	4.0417E-4	0.92528
627	6.54393	4.0406E-4	0.92568
628	6.56701	4.0548E-4	0.92609
629	6.58426	4.0655E-4	0.9265
630	6.58831	4.068E-4	0.9269
631	6.61576	4.0849E-4	0.92731
632	6.63363	4.096E-4	0.92772
633	9.31527	5.7518E-4	0.9283
634	9.29771	5.7409E-4	0.92887
635	9.28636	5.7339E-4	0.92944
636	9.25684	5.7157E-4	0.93002
637	9.24699	5.7096E-4	0.93059
638	6.6579	4.111E-4	0.931
639	6.68756	4.1293E-4	0.93141
640	6.69333	4.1328E-4	0.93182
641	6.70872	4.1423E-4	0.93224
642	6.72386	4.1517E-4	0.93265
643	6.75288	4.1696E-4	0.93307
644	6.76761	4.1787E-4	0.93349
645	6.77824	4.1853E-4	0.93391
646	6.8048	4.2017E-4	0.93433
647	6.81254	4.2064E-4	0.93475
648	6.83265	4.2189E-4	0.93517
649	6.85464	4.2324E-4	0.93559
650	6.84913	4.229E-4	0.93601
651	6.88897	4.2536E-4	0.93644
652	9.20198	5.6818E-4	0.93701
653	9.19473	5.6773E-4	0.93758
654	9.18103	5.6689E-4	0.93814
655	9.16588	5.6595E-4	0.93871
656	9.15131	5.6505E-4	0.93927
657	9.13742	5.6419E-4	0.93984
658	9.10944	5.6247E-4	0.9404
659	9.10211	5.6201E-4	0.94096
660	6.92651	4.2768E-4	0.94139
661	6.93651	4.283E-4	0.94182
662	6.94407	4.2876E-4	0.94225
663	6.9678	4.3023E-4	0.94268
664	6.98066	4.3102E-4	0.94311
665	6.99409	4.3185E-4	0.94354
666	7.00521	4.3254E-4	0.94397
667	7.02512	4.3377E-4	0.94441
668	7.04252	4.3484E-4	0.94484
669	7.06396	4.3617E-4	0.94528
670	7.07678	4.3696E-4	0.94571
671	7.09152	4.3787E-4	0.94615
672	9.04292	5.5836E-4	0.94671
673	9.03914	5.5813E-4	0.94727
674	9.02942	5.5753E-4	0.94783
675	9.01692	5.5675E-4	0.94838
676	8.97275	5.5403E-4	0.94894
677	8.96867	5.5378E-4	0.94949
678	8.96032	5.5326E-4	0.95004
679	8.94891	5.5255E-4	0.9506
680	8.94163	5.5211E-4	0.95115
681	7.12123	4.397E-4	0.95159
682	8.9058	5.4989E-4	0.95214
683	8.86613	5.4744E-4	0.95269
684	8.85395	5.4669E-4	0.95323
685	8.84241	5.4598E-4	0.95378
686	7.13527	4.4057E-4	0.95422
687	7.14892	4.4141E-4	0.95466
688	7.16091	4.4215E-4	0.9551
689	7.17656	4.4312E-4	0.95555
690	7.19192	4.4407E-4	0.95599
691	7.21855	4.4571E-4	0.95644
692	7.23519	4.4674E-4	0.95688
693	7.25622	4.4804E-4	0.95733
694	7.26717	4.4871E-4	0.95778
695	7.28003	4.4951E-4	0.95823
696	7.30057	4.5078E-4	0.95868
697	7.32346	4.5219E-4	0.95913
698	7.33441	4.5287E-4	0.95958
699	7.34685	4.5363E-4	0.96004
700	7.36577	4.548E-4	0.96049
701	7.39705	4.5673E-4	0.96095
702	7.41355	4.5775E-4	0.96141
703	7.42153	4.5825E-4	0.96187
704	7.44379	4.5962E-4	0.96233
705	7.45783	4.6049E-4	0.96279
706	8.80939	5.4394E-4	0.96333
707	8.80379	5.4359E-4	0.96387
708	8.78187	5.4224E-4	0.96442
709	8.75741	5.4073E-4	0.96496
710	7.49936	4.6305E-4	0.96542
711	7.50691	4.6352E-4	0.96588
712	7.52496	4.6463E-4	0.96635
713	7.54248	4.6571E-4	0.96681
714	7.55087	4.6623E-4	0.96728
715	7.56382	4.6703E-4	0.96775
716	7.5818	4.6814E-4	0.96821
717	8.73915	5.396E-4	0.96875
718	8.71887	5.3835E-4	0.96929
719	8.69645	5.3697E-4	0.96983
720	8.67966	5.3593E-4	0.97037
721	8.66822	5.3522E-4	0.9709
722	8.6456	5.3383E-4	0.97143
723	8.63806	5.3336E-4	0.97197
724	8.62429	5.3251E-4	0.9725
725	8.5978	5.3088E-4	0.97303
726	8.57859	5.2969E-4	0.97356
727	8.56596	5.2891E-4	0.97409
728	8.54433	5.2757E-4	0.97462
729	7.60959	4.6986E-4	0.97509
730	7.62924	4.7107E-4	0.97556
731	7.65037	4.7238E-4	0.97603
732	7.66551	4.7331E-4	0.9765
733	8.50754	5.253E-4	0.97703
734	8.49993	5.2483E-4	0.97755
735	8.4831	5.2379E-4	0.97808
736	7.68668	4.7462E-4	0.97855
737	8.45632	5.2214E-4	0.97908
738	7.71308	4.7625E-4	0.97955
739	7.72837	4.7719E-4	0.98003
740	7.73894	4.7784E-4	0.98051
741	7.75573	4.7888E-4	0.98099
742	7.77121	4.7984E-4	0.98147
743	7.79113	4.8107E-4	0.98195
744	7.80464	4.819E-4	0.98243
745	7.81753	4.827E-4	0.98291
746	7.83264	4.8363E-4	0.98339
747	7.86511	4.8564E-4	0.98388
748	7.87521	4.8626E-4	0.98437
749	7.89754	4.8764E-4	0.98485
750	7.90446	4.8806E-4	0.98534
751	7.91645	4.8881E-4	0.98583
752	7.93674	4.9006E-4	0.98632
753	8.43635	5.2091E-4	0.98684
754	7.96575	4.9185E-4	0.98733
755	7.98742	4.9319E-4	0.98783
756	8.0077	4.9444E-4	0.98832
757	8.41555	5.1962E-4	0.98884
758	8.39181	5.1816E-4	0.98936
759	8.37639	5.172E-4	0.98988
760	8.36535	5.1652E-4	0.99039
761	8.33324	5.1454E-4	0.99091
762	8.32305	5.1391E-4	0.99142
763	8.31033	5.1313E-4	0.99193
764	8.29414	5.1213E-4	0.99245
765	8.28271	5.1142E-4	0.99296
766	8.04024	4.9645E-4	0.99345
767	8.24669	5.092E-4	0.99396
768	8.24046	5.0881E-4	0.99447
769	8.22359	5.0777E-4	0.99498
770	8.07069	4.9833E-4	0.99548
771	8.08049	4.9893E-4	0.99598
772	8.07828	4.988E-4	0.99648
773	8.11124	5.0083E-4	0.99698
774	8.12352	5.0159E-4	0.99748
775	8.13418	5.0225E-4	0.99798
776	8.14833	5.0312E-4	0.99848
777	8.16765	5.0432E-4	0.99899
778	8.19288	5.0587E-4	0.99949
779	8.19297	5.0588E-4	1
