<Phenotype>
taxa	covariate	covariate	covariate	covariate	covariate
Taxa	PC1	PC2	PC3	PC4	PC5
3	11.067594	-23.686169	9.317832	-19.87249	-14.614296
4	26.502522	-14.722958	9.9309435	-37.785923	-26.064886
5	-21.162067	-38.67772	15.004854	15.458436	-1.5207634
6	-39.269157	16.9733	-15.221836	9.449308	-1.8464037
11	-35.971874	-33.72839	9.835761	22.532677	4.5246406
12	-12.372127	-46.242867	37.108276	-5.464448	-3.6029956
13	33.79054	-19.174234	-1.5418667	-0.68479913	-19.048628
14	7.2567124	1.5779201	22.12456	-9.504089	-12.64909
15	19.276356	-6.153887	5.2336617	-24.89455	-2.4697263
16	19.659557	8.895017	24.102869	8.851363	-8.065995
22	32.727993	-9.701673	27.485111	21.239628	-13.76583
23	33.989292	8.590843	21.345282	26.615892	-3.3254445
24	9.918829	-25.004744	2.0085254	-24.763628	-12.774438
25	21.174095	-12.511122	23.297804	11.021639	-14.410415
26	19.47978	-3.8093908	35.391323	-1.2629213	-29.01952
28	-18.715824	-50.16739	27.545782	6.7526355	-9.410959
29	-4.378368	-25.598207	3.949267	-28.338614	-1.4575843
30	-26.888994	-37.001305	30.137966	-1.8778913	-17.945934
31	-20.37357	-34.908882	29.549118	5.6138654	5.7437897
32	36.99837	13.533247	-5.3497934	39.275856	-20.256905
34	9.955159	-13.271807	21.339333	-9.55083	-9.277368
35	66.96517	-10.301372	-23.222336	5.260677	0.523807
36	-4.1211305	-34.20997	10.159355	24.834526	-9.660679
38	-4.5511765	-42.117947	0.6302822	-7.4516516	-5.7983804
39	-8.567841	14.523832	2.7454238	2.2148564	8.580599
40	15.006069	-1.3552969	-20.918365	-39.36514	-1.7119869
41	44.35266	10.049686	36.62356	15.893778	-29.890059
43	33.522728	27.821041	24.800873	29.882101	-7.8498135
44	-22.700699	-35.611256	21.954165	9.724496	-16.440422
45	40.35019	-8.221315	3.7117505	-44.66503	-21.297745
46	-2.1760135	-24.7042	29.237076	2.438501	-7.291068
48	50.00561	-28.055805	-49.802563	-68.204155	6.330278
49	23.343674	10.732238	18.815805	-1.6830813	4.705529
50	57.37253	-2.4486008	-8.434567	1.3820137	3.3194945
51	36.36858	10.587392	5.0366673	29.880032	6.4112806
53	32.725285	-15.445797	6.2285647	9.818799	4.2538443
55	0.19070798	-58.529858	1.6390547	-4.4377065	-5.197758
56	-21.38935	-12.005634	8.390036	4.2512302	-1.6068535
57	-37.430576	-75.95341	25.103428	21.054008	9.634381
59	19.821697	-43.287437	-17.436674	-14.930789	-4.9675217
60	31.334486	19.859812	12.289659	30.832895	-17.801098
61	48.40451	14.527105	15.922208	21.301857	-10.842497
62	-19.883837	-9.4994135	25.38558	0.10312798	-6.055712
63	-26.874084	25.615643	5.3624754	0.716778	1.4355806
65	26.41679	-11.943242	4.2599883	-56.06205	-13.973132
67	35.84853	28.12313	17.266241	26.932388	-5.27655
68	-15.64854	20.90323	32.148674	-14.023353	-11.555317
69	-9.10484	19.241476	30.608511	-10.532804	9.39325
70	-36.751343	-75.16804	24.5508	21.284643	9.50569
71	-24.415854	-29.568161	8.100208	12.26765	-2.1632383
74	58.518837	3.3401818	1.2709416	50.739372	-11.782337
75	-12.500427	10.667039	24.49208	-15.659683	-18.883501
76	47.647953	-26.82909	-48.430237	-66.15256	7.713221
77	-25.019312	-40.117657	28.345705	2.5378656	-2.2414284
81	10.214112	-19.599178	2.9993098	31.211412	-1.2671419
82	-16.12026	-0.7325517	3.992577	-10.509342	-2.4381595
84	-29.47394	-51.251095	15.714653	24.91016	1.8238821
85	-4.8188086	-26.424625	4.123555	-29.182125	-1.3579704
89	38.426052	-0.46404612	5.0050874	-14.466305	-14.499651
93	-6.099945	2.0032203	-0.37339664	-13.807715	-0.41593778
95	-17.269762	-23.366865	12.053564	-0.35163882	-17.831388
97	58.10702	4.1890616	-3.1727886	43.44321	-2.0521877
108	-49.206814	3.755619	-60.937756	10.40648	-79.07532
131	-7.7775884	8.195881	-2.6705236	-0.12427572	3.6996078
134	-22.483294	-39.956905	2.216819	14.707855	0.5758521
136	4.690184	9.771968	-9.66558	-3.008501	3.4171255
138	-37.723484	-2.2648482	-11.636217	5.783758	0.7167455
139	2.9806352	-40.40521	4.895711	-23.616745	-6.077562
143	-16.063194	46.74257	24.537188	-11.97063	1.3355229
147	-43.28142	1.6874934	-49.557507	14.54412	-69.981766
148	-37.26091	-74.6452	24.534828	21.142246	10.507577
156	-16.501453	59.90559	48.58171	-25.39729	-1.7959284
158	-33.199615	5.914964	5.7265244	1.5816138	1.2259009
164	49.431095	-27.148005	-49.382206	-68.02348	7.043502
167	6.568833	18.94122	-11.240113	9.948739	23.555593
169	1.0439242	-2.026408	10.245707	24.507473	-0.8594813
171	1.0415027	-61.04997	-9.485825	-28.207531	14.760043
176	56.887283	8.560307	22.236654	30.284761	-18.823057
177	29.502365	9.149158	5.3250694	20.241806	-6.213023
178	-10.343597	-1.2684832	-16.807463	6.021944	7.121125
182	55.656216	3.4715884	-5.098947	10.769637	-5.862534
184	-34.014748	7.2367654	-49.618427	9.563498	-48.86284
186	7.4146557	20.492105	-1.8900123	3.376817	2.702257
187	-22.818172	41.199295	16.912977	-8.892567	-0.7337692
188	-19.143467	-44.885826	50.851734	-11.376891	-18.067137
190	1.5888612	-11.327084	-48.901054	-33.504284	-22.91769
191	-17.521227	-6.0184093	22.425299	0.064385384	-3.3903549
198	12.097894	11.678302	2.0059922	17.627214	22.44306
205	55.3168	15.380504	6.8816795	15.013229	-0.4312122
206	-4.431769	6.360882	13.89409	-15.5124855	3.2629826
209	12.439011	11.34258	56.978584	-37.06156	-39.224472
212	23.33593	3.8042126	-19.844425	41.563057	-29.413496
214	32.3262	29.503084	9.598885	25.223965	0.7488073
215	-44.59644	13.221185	-34.500427	9.352022	-37.396
217	-40.94444	13.496519	-34.27509	9.412096	-42.45975
221	8.1445875	11.898949	38.716408	-24.929014	-14.969175
223	-6.07346	4.5735707	20.723415	-0.16796032	13.388507
224	4.2452216	-63.080387	-7.139107	-22.855501	7.6017017
228	19.398214	-1.6554319	26.04975	-39.80438	-29.091345
229	-5.588479	18.744371	36.737938	-16.314375	-26.397999
230	23.966377	10.197445	-20.615068	33.17097	-28.162062
231	-16.291088	59.92237	49.42279	-24.379543	-0.9843768
232	61.595757	-4.339895	-6.40908	2.0390577	-1.8093747
234	38.544674	-0.5851387	5.0017753	-14.502522	-14.46038
236	46.93539	5.8796864	21.21496	11.305662	-29.055838
237	33.05042	-4.9554887	-2.9181428	-2.337385	1.6553833
238	33.285732	-15.851622	-17.258162	-21.509638	3.8176594
239	-19.369305	-36.086964	39.244495	-2.9358752	-8.493615
241	66.44003	3.289822	-4.4377103	39.17701	-5.6172676
242	-26.996487	-27.932083	11.5448265	5.7802663	7.1082954
243	43.636868	3.3476734	24.112976	-4.855417	-14.769976
244	-25.175142	-24.346443	22.022585	6.510618	1.0948209
245	-6.8749266	20.806202	35.33796	-17.383509	-24.371197
246	11.357209	-5.857205	21.98256	1.8724681	-3.9265869
251	50.0325	-27.73372	-49.59569	-67.63619	6.447516
252	-3.714914	25.938108	-7.028173	-4.0305576	15.169352
253	43.716286	5.9592896	-1.9715002	31.978483	-3.4941728
254	8.000273	-4.5267515	-0.31731138	-14.80592	9.694481
259	31.217384	-0.5908358	-0.21023628	-15.3098135	0.019255118
260	62.63353	-7.424507	-22.146915	-5.651414	-2.0486755
264	-4.4567184	-52.633114	-4.740111	-2.4326181	7.388542
266	-22.538511	-22.902498	12.882972	17.346378	4.307002
283	16.488518	-31.096983	-3.7851138	9.657313	0.5614679
284	-3.5877683	-21.611986	18.54045	10.993006	8.183337
285	31.896963	12.270623	-0.87988275	10.233418	6.2223835
289	20.697824	-25.698303	8.495842	8.112545	12.846284
290	-13.73644	-32.270267	3.7585459	14.495144	6.733283
291	-20.385042	-36.753864	10.947682	14.918819	12.442916
293	31.201483	10.794248	-6.1702356	8.24974	12.483233
295	-9.847556	-29.196276	15.220848	-0.88231045	-4.3695264
297	23.209187	10.194811	-1.6396692	20.411154	11.347683
298	10.114682	-22.595451	13.802634	7.9441724	2.089524
299	13.683981	-18.076511	4.112119	-0.96889085	9.111045
300	12.170002	-23.412613	7.086126	6.0450354	-2.889486
305	5.572268	-3.8908346	38.260815	-0.036236975	6.0465045
307	-3.8742301	-6.521699	20.790205	3.4226837	-0.5887555
311	-9.367692	-66.75816	10.332148	-16.476337	13.11851
313	27.060963	-17.866085	-0.13536419	-6.3050084	4.375743
315	-14.166226	-48.444283	4.5588284	-14.723629	1.8051133
324	18.1637	-23.73192	10.348528	11.53083	9.539493
326	30.69591	12.305886	21.743637	25.867514	-12.888957
329	-10.24449	-37.653564	18.781433	16.168938	-8.117351
332	-18.573101	-55.44864	13.400252	-8.280501	15.439788
343	61.901764	-8.701771	-25.094995	-1.8282533	-0.85742223
345	53.14305	-20.348196	-17.422245	-2.9569712	1.7478763
350	-27.436401	-38.49932	20.268946	14.622597	10.844053
355	-27.128603	-37.295193	20.96823	14.430224	6.9539185
358	-0.3085569	-14.776545	24.30503	3.131646	-21.168186
363	-15.675929	-14.664695	-0.06727855	-6.2231097	0.23172972
365	-34.3796	12.901944	-39.30665	8.039546	-38.36187
366	-18.724186	9.934577	-16.12357	6.6356187	31.925905
374	48.35939	-26.328545	-50.2611	-68.10383	7.4925637
380	6.1701474	11.801943	-0.11260947	-14.098446	10.180182
382	-22.841902	27.242737	-8.973816	-0.19037585	-12.875113
387	-25.777594	38.20482	26.75477	-11.801377	4.892715
388	-15.112463	28.482876	-1.6681781	-5.4839706	25.401499
389	-6.433154	21.691402	26.357079	-16.6257	-27.805792
391	-17.914087	17.142822	-22.243172	0.7517263	1.0753458
396	-29.654936	30.273436	-8.8362055	2.0831	-13.86815
401	8.407314	-3.8527207	-24.402172	-18.384716	20.970274
402	-23.985872	29.908089	-18.154783	-0.63177484	23.649265
403	3.2021713	4.1688547	-18.350224	-0.7043864	-0.1328184
406	14.267039	-4.9670625	-17.09627	-27.392345	16.342964
409	-17.466793	12.406041	-3.1990645	-5.813162	13.519008
411	-36.087887	1.7497851	-49.43262	9.623873	-62.718407
414	-21.307543	18.893545	-15.372976	1.5419525	-8.554076
418	2.0709834	5.015637	-19.45458	-1.7015972	1.0617764
419	14.781435	-3.9423988	-12.485263	3.3088956	11.745803
423	10.917197	2.1627676	9.019589	-17.065296	-3.1379242
428	26.463528	-17.505478	-26.688759	-42.048634	16.448484
433	18.977371	16.265568	1.943868	-45.031124	3.0727587
434	-14.685695	11.454722	-10.379164	2.1342144	9.8252535
436	-13.682281	18.734676	-12.509351	0.75974077	8.425437
437	-15.13755	9.105983	-11.503704	-2.650761	15.57378
438	-38.88088	-46.854527	4.5287485	17.778172	18.336245
441	-17.714191	10.856769	-8.564072	4.1666465	16.903063
442	-31.31606	11.415805	-13.488318	7.8215	1.7373668
443	-16.85316	35.774475	24.510254	-11.570232	3.9294899
448	0.83329856	9.053789	2.787914	-11.154129	5.6073284
449	-25.144567	-8.49102	26.097248	7.820993	2.9674397
453	5.041901	13.178935	-9.095865	-7.6074433	11.559623
454	-15.122095	10.92521	-2.8430347	6.3930907	23.20844
455	-12.033198	24.510017	-11.139989	6.445136	25.078812
456	32.386013	-9.564221	10.753628	-48.703613	-15.412492
461	-14.892631	29.39476	-1.5472195	-5.927714	25.835001
463	-13.501104	8.332724	-1.5052375	-11.871215	5.440564
465	-17.903305	22.036144	-24.350805	12.526672	29.10363
466	24.980051	-15.053485	4.18916	-59.865364	-16.202353
476	-28.109926	0.39062455	-16.942183	8.461773	-10.189714
477	-10.477383	5.935615	-7.8023047	9.55858	29.100126
482	-8.920284	16.676916	-3.6601048	6.9752417	18.49133
486	-19.66114	6.5834713	-16.286427	7.0087776	-1.5607984
489	4.5851426	21.780905	-8.948149	-8.885213	4.379257
492	-6.9248962	-4.8323045	-1.0871276	3.5858946	15.41532
499	-12.088741	8.129364	-14.386326	4.9222016	17.38875
500	6.3855066	16.097929	-7.6384463	15.91091	10.768593
501	-12.62451	4.19433	-10.234492	5.2562027	-7.5421576
502	-17.622656	14.483623	-6.5417776	6.0749135	17.02042
505	-24.822683	39.38597	30.159023	-14.061485	-6.562661
506	-18.830362	4.158663	-16.237785	8.386897	21.866913
510	52.214012	14.980802	-1.6243725	45.024937	-2.2980802
514	-3.8061042	-3.940728	-29.755985	-33.224884	8.09335
521	-6.39718	13.115353	-8.471622	11.841764	25.140985
528	0.40514597	6.583967	-6.172979	2.6552298	17.941187
530	-13.770104	17.04744	-11.915483	2.4218953	9.684087
533	-23.685766	7.113824	-0.3417174	6.5847273	20.602856
538	80.46463	8.307042	3.1579778	64.353714	-9.835225
540	-23.790829	39.86736	19.925568	-10.725443	-7.219121
542	-20.275776	12.267477	-30.229034	8.041709	-7.8956647
543	-27.255367	26.208197	-15.639942	5.3393393	17.602741
544	11.358558	5.8246517	32.535923	-21.590652	-15.123867
545	-49.59919	4.8742247	-57.474697	15.317711	-75.581215
546	-15.438859	40.14172	20.726633	-7.5264635	-3.0888045
547	-7.319206	38.49714	53.524452	-31.906666	-25.767897
549	-5.658548	4.435574	-16.24136	-0.5367334	-0.7704058
552	-18.213474	10.030246	-13.525082	2.9561946	-1.0696218
553	-18.611864	12.315361	-6.7127767	13.323485	26.760647
554	-12.296921	30.35348	24.601088	-8.368676	7.5321364
555	-3.0686193	15.698764	14.123248	-13.855782	10.612627
559	-23.426794	13.058967	-8.226608	-11.313462	-23.340965
560	-5.2905736	17.745132	0.3159843	6.1168313	16.568684
561	10.049439	16.273	-1.3694559	8.845469	18.46954
564	-10.399068	9.130162	12.423375	-14.131398	-41.061848
565	-20.50972	5.805559	-10.878926	5.111538	5.5873823
570	12.839809	11.580941	56.45104	-35.844574	-38.383076
571	26.933945	-18.561388	-27.055082	-42.758865	15.7380705
574	-5.937981	5.1867867	4.641534	-4.5556016	17.21429
575	-26.14645	-62.75917	29.1564	8.695505	1.4582298
584	55.232887	14.038277	6.9376	15.5396805	0.24221335
588	-5.0559473	26.469059	-6.949931	-4.1767354	16.644958
590	-14.683444	43.392986	28.556665	-17.093079	7.303522
602	0.06765794	-55.13876	11.538218	-15.058414	18.985048
609	-7.699266	-62.080574	12.449248	-14.931476	24.74304
610	11.21915	12.825237	-6.8722696	19.158327	10.430132
616	17.358427	-13.591564	5.321914	11.8193245	2.7868862
624	35.41641	-16.076424	10.445506	25.581207	-3.583251
628	-33.15159	-52.86946	18.89506	11.628113	7.12624
629	18.16225	18.459778	5.5650787	18.441423	9.854966
651	-13.6805105	11.371162	-14.186785	8.231087	-1.5296197
653	21.541418	19.181965	5.236693	24.431026	19.868217
654	68.45114	-10.657215	-23.085356	1.0688605	-3.0928135
657	-22.529716	-20.824818	8.071794	10.669179	-2.7234976
662	-7.4756255	23.018564	34.326214	-18.817667	-13.735825
672	-29.030727	-21.827995	-4.9278636	17.23173	3.732873
673	-31.771355	-18.872812	2.478165	9.924142	1.6552346
675	15.62974	-10.855906	-1.5165864	30.982328	-4.354773
677	-33.772877	-20.329987	-19.030691	19.568346	-25.391466
682	-21.798775	-47.25091	23.795782	6.9153566	0.38624102
685	-25.882103	-42.42318	13.984049	9.977421	5.1668353
686	-22.716177	-22.65348	15.649651	3.541712	5.763636
690	-8.616552	6.431189	18.918297	-12.936217	-40.399715
695	-12.388193	-16.265991	4.9077115	2.8645754	3.8290777
698	7.3783073	-31.456396	-0.8516938	28.068954	-13.089658
700	-2.9779646	5.75037	-5.7111125	-3.292669	-40.28969
704	-10.341014	12.274041	-12.230179	2.9213312	-1.953033
708	12.789485	9.928697	57.630787	-36.719597	-40.325386
712	49.40583	-27.878588	-50.38026	-69.57051	7.5947404
714	-18.344326	9.489012	-23.257114	5.6481676	4.183739
716	-0.44141397	15.470467	-12.697265	1.4554174	2.004643
719	25.658745	-12.317769	-15.021571	-35.025635	0.6704475
720	-16.637287	60.42083	49.523575	-25.120888	-1.4799346
722	10.756536	8.241987	-3.7231414	10.0275755	11.147938
729	-41.415703	-38.927372	4.8356533	16.682531	-11.1088295
731	-24.26886	7.26851	-15.398064	16.502806	17.421522
732	-10.381033	-31.33906	10.939958	3.739059	10.761397
733	-0.7773354	24.613762	-0.8499544	-6.0848064	21.305307
739	41.670147	7.247856	10.1740265	34.032635	-2.0657275
742	-30.071157	12.379735	-21.417622	6.4744987	-12.681613
744	-35.695984	-9.486366	21.136347	4.2705946	11.272329
745	60.05182	-8.269832	-31.117567	-7.8037744	-8.998205
746	-14.591586	28.280102	-0.64592004	-5.581017	25.2836
751	-31.060867	5.8225865	-21.98685	7.001396	-3.3481166
752	55.460785	-0.3751774	-2.0693452	18.124935	7.8611274
753	-10.789633	-25.95369	-2.1022666	14.171537	-3.54319
754	62.346294	-4.743235	-25.155046	-1.5556567	5.8032756
755	-4.2963166	42.42361	51.165585	-29.357607	-14.403884
756	-41.053417	9.267601	-19.796942	5.824546	-8.597256
761	-12.13437	18.458517	-15.06124	9.552226	40.030544
764	-12.02113	10.019826	-4.0652013	-4.611515	17.509024
770	-0.11994709	16.996428	-4.90193	-3.1022396	-4.3291464
774	-10.256447	11.234957	7.884601	-7.5653496	7.928319
775	-30.545816	11.997594	-35.706055	2.0106452	-34.929913
776	-6.9996614	16.188076	-0.86399865	0.51926947	30.470146
778	-25.983095	-21.894724	-6.0294967	10.525981	-11.02838
779	-10.724179	-0.4021284	-7.1597276	2.492703	-5.4793406
786	44.03088	-1.2151936	6.29712	37.08146	-5.8257427
787	55.107243	-2.5065718	-14.8758335	18.030315	4.33656
788	-4.0246778	17.687275	-0.32900277	0.2417363	16.036299
789	-9.796833	13.829378	-10.267431	2.788164	16.957983
793	-31.680157	12.030464	-43.490913	8.060606	-42.651737
795	-11.5098295	-0.35016984	9.078606	-3.6189485	-17.64204
796	47.36281	9.771142	32.94231	12.058024	-18.355158
797	34.52049	-11.530753	-5.843026	-42.35798	5.0094438
798	0.30212945	11.432885	-15.913124	-5.941548	-3.9036658
802	-22.883486	13.113462	-5.487097	-7.753526	9.501714
803	53.98366	1.7359092	-11.533469	14.15018	5.2656016
806	-10.713016	11.605709	-13.474852	-4.564045	17.445005
807	12.63562	9.93202	57.64573	-36.79799	-40.5124
810	-47.3413	-47.659508	16.167892	18.636786	12.949443
811	-30.567728	11.265398	-14.56997	7.3158965	-1.9080596
813	25.7591	-6.0500245	19.044214	-36.376892	-4.7517715
818	-20.363054	10.198829	-33.557034	1.5823779	-26.986032
820	-9.380289	4.923581	-8.911331	1.5496742	17.6618
821	-2.3292542	13.640736	6.0100904	-5.2900143	17.524715
826	45.423016	10.661204	-8.20517	38.44119	1.5683857
828	-3.3796735	10.978214	-8.240406	-1.124068	-3.3929262
829	-15.405599	18.336655	-5.7685947	-2.3568738	16.884443
831	67.376335	-11.926083	-21.333878	-1.9204192	-11.739658
833	-8.714469	14.86965	-6.4322634	-1.9466507	8.211493
834	-16.639662	7.822547	16.28789	-7.1988287	-0.9067261
838	3.226688	-2.587513	20.863659	-13.063652	-14.771946
841	68.04395	-16.057268	-22.636707	-2.0402327	-2.8260949
844	-3.4872432	7.331059	-1.7072175	-1.1206037	20.207716
845	-19.80413	13.70896	-3.5243073	-0.15573625	8.060008
854	81.30463	8.686034	3.6961317	64.66387	-10.6185055
858	-18.67129	39.7836	23.724546	-15.460519	-2.565228
860	-24.633572	6.0171056	-17.645674	2.8224056	13.040312
864	-15.968073	31.720518	5.8913326	-0.50506663	6.557784
868	-13.235037	-0.0035607268	15.205193	-10.829089	-5.1028204
888	-40.28824	-33.780193	11.851401	19.139374	-3.79149
890	-16.72084	12.751217	-16.33294	7.9275527	19.713772
894	-13.204929	12.337668	-14.621787	3.0564108	23.28283
896	79.641106	9.874609	2.6883526	63.66954	-9.118123
900	-17.11201	34.166214	11.036233	-10.487146	10.104488
901	-29.222147	30.325455	-8.300213	2.2549002	-14.2138195
902	-14.836172	18.013292	-12.808157	2.426717	9.997087
904	-21.485743	14.089083	-15.797946	5.0848026	9.212659
905	4.991758	9.640636	-9.713302	-2.7890193	3.120138
906	-5.2308855	14.294077	-1.6433347	-4.3376293	9.742412
907	79.65092	9.851812	2.5192134	63.639755	-9.511803
908	-13.731098	10.61846	-9.401573	11.108898	28.534445
910	-19.37612	10.646983	-16.428991	6.2771087	32.51002
911	-9.090424	19.6147	-10.043893	7.756779	25.93821
913	-5.172272	6.4547973	11.923967	-10.297645	3.2915926
915	19.077038	-15.331701	-9.289287	-40.42472	2.634378
918	-14.724221	11.496728	-0.13205148	5.1071506	14.604625
920	-31.11583	-17.924862	5.3292475	5.928522	10.941192
924	7.560828	3.7778144	-10.008452	8.511848	-0.48720047
929	-20.452787	1.1065439	-3.877281	1.198459	5.2769732
930	-25.811766	42.63514	15.736496	-16.887598	-2.8501008
931	65.509254	-6.2784805	-26.157444	-9.837953	-3.488883
932	17.104458	-14.767843	6.4856005	-33.10596	-10.456521
934	-31.093058	-15.784833	4.638829	5.450961	11.242208
938	8.960253	-12.378261	-8.799241	-25.904814	1.9948033
948	5.6269846	12.6483135	36.024265	-14.078046	-9.625917
950	-36.822075	-34.082085	4.303203	15.360749	11.832229
952	22.512457	-7.3301992	-31.285336	-39.002426	17.865784
954	30.013554	-6.605122	-22.290115	-39.336132	8.131717
958	-5.1691628	21.58601	-2.689747	-7.567366	-9.589842
959	38.77837	13.302593	-0.5378807	26.085876	-2.515604
971	-35.170826	-39.297634	6.945042	9.383912	6.21211
975	-20.668468	3.753941	10.475602	-1.462645	-11.414007
977	-21.801832	8.334623	-7.106826	1.9355803	7.6828976
983	2.954647	20.40659	-3.7562432	10.427197	24.82524
984	-39.949802	-22.488392	12.325399	8.516285	4.641622
986	-14.602475	-13.437013	9.5254	0.17284675	-4.339904
987	4.8737974	9.838648	-9.661938	-2.5236318	3.031902
988	-18.24395	9.520128	-21.27461	-3.9186604	2.429456
989	8.961367	26.126093	4.992061	-11.82089	9.542234
991	-4.186004	12.324295	-3.2031953	1.4480621	19.039085
995	-35.882397	-24.776245	4.0447783	7.019425	9.062682
998	-19.412685	12.1951475	8.867171	4.891962	10.502969
1001	-15.624764	3.2966506	-21.222801	13.876085	21.69226
1003	14.354509	2.3294032	9.078903	-25.14305	-24.15099
1004	34.062305	-8.71599	13.74094	-50.04607	-16.572731
1009	-0.44997475	38.631607	50.029476	-28.148623	-22.43995
1015	16.69273	-6.0568047	-16.621334	-46.327106	10.597375
1017	-18.089075	13.759833	-3.5772467	4.8036456	19.208405
1019	-7.8551817	13.029718	-15.9908285	1.3426154	-3.1811934
1025	-15.2795105	11.425818	-13.216686	1.9612169	7.9660974
1033	-16.781847	4.534604	-15.755124	3.9155028	9.844736
1035	-11.279435	22.808975	-3.6521683	2.5899134	8.631299
1036	-19.617285	18.986483	-6.621248	-8.115444	21.344622
1039	-17.147057	8.950141	-20.08709	0.6130372	11.655013
1041	-20.768133	18.061522	-9.889978	4.2131925	23.819881
1044	-3.774497	-0.25660563	9.655812	-2.7121487	7.9743204
1048	-19.168306	27.300817	-6.3688574	2.8122046	-1.2563004
1051	14.414554	-0.06905349	-22.53819	-24.87296	11.091774
1052	0.9734368	-51.238445	3.6737928	-6.948333	-2.9165916
1053	-17.235756	14.994719	-19.153643	6.2786384	22.009962
1056	-6.585877	30.260431	-8.718852	-1.2031641	16.297235
1058	-4.8209066	14.272177	-2.1206062	-4.715333	8.698988
1067	20.458256	18.278801	-0.81776845	12.098904	12.969619
1068	-3.3937864	11.720625	-0.028232614	-2.7455409	9.311997
1073	-10.309006	57.438908	46.30499	-19.230394	-1.9741143
1074	-6.9918985	13.318475	-8.81783	11.832163	25.396006
1075	-7.6479974	17.904703	-14.005573	0.950516	28.259253
1077	80.412224	9.271801	3.835283	64.68181	-9.686435
1078	-12.622106	7.8651276	-14.17727	12.895566	33.433235
1080	65.86174	-7.4050097	-23.063696	-9.377791	-1.1770592
1081	-9.40165	13.660918	-5.192256	-2.5844579	11.783018
1084	-34.41066	13.743788	-16.943325	6.0153484	-4.6666965
1088	17.541084	-7.95863	-16.56037	-45.79327	10.002558
1098	9.626486	26.219654	40.952156	-21.157969	-8.658111
1102	-22.056799	46.459557	20.751	-7.9335303	-7.368833
1103	-47.544487	-46.826828	16.670544	19.282734	13.664195
1104	-29.612862	13.483914	-32.351948	14.636218	-11.876984
1106	9.128529	17.44108	25.555315	-30.911596	-4.5248203
1107	-15.755389	59.453808	49.08948	-24.498001	-2.8855944
1109	-1.346094	12.697739	9.022317	-8.935495	8.910112
1112	0.48227832	14.580728	-5.0227	-1.3801929	10.454636
1115	17.504608	-6.6330886	-30.773706	-34.87367	19.791973
1116	3.3122544	-2.862271	-9.070252	-0.41408932	10.022754
1121	-14.293934	11.180927	-10.340643	5.816619	27.976023
1122	-3.439626	-0.2748233	-3.4099884	0.8201899	-0.05521648
1125	-18.888971	9.70651	-23.682474	0.7896996	5.291591
1129	-17.56016	7.56039	-4.859177	-5.2718	-9.6154175
1130	-24.918484	15.660242	-20.150879	8.057523	12.790865
1131	39.02438	-24.710258	-40.255905	-55.70599	7.196147
1132	79.95238	8.955741	4.0375447	64.1394	-9.548319
1133	-25.537062	11.665217	-7.04525	4.1952915	24.571877
1137	-13.465185	3.8892064	-8.34077	1.3019394	9.171311
1142	-12.585008	36.226532	27.705965	-8.453786	11.036622
1145	-17.520067	15.032159	-12.488279	-7.4901814	1.6244553
1147	-13.536659	11.740265	-14.893269	12.476939	31.084085
1153	36.833515	-9.473755	8.625626	33.323917	5.552817
1155	-5.437255	6.8104196	-13.658902	-0.63962585	20.655878
1156	-15.527735	19.811863	-21.398232	12.928584	34.76028
1162	-20.045368	14.798253	-10.160815	0.63132614	4.2906456
1175	-1.2073106	9.971527	-1.9184252	-2.7985399	-3.17065
1177	-38.879776	8.052998	-30.672102	9.135577	-27.533478
1187	18.625587	-40.080513	14.081534	44.86768	3.7697256
1196	-31.039091	13.360088	-17.845745	3.383182	4.9678516
1197	-25.85185	-22.028948	-5.9341884	10.60868	-11.147135
1198	49.40793	0.8148563	2.2309053	30.16152	-3.138643
1207	20.447514	-17.008326	2.5497048	38.054962	3.2231863
1216	63.589516	-11.142848	-23.304876	-8.728803	-2.73508
1223	7.9457817	14.929322	6.729183	21.189997	13.577423
1224	20.790522	-15.002995	5.412618	9.841802	-2.0088787
1226	-13.840427	-48.226223	5.453981	-10.6793165	16.784626
1228	-33.249443	-49.04545	1.4352416	30.62758	-8.864818
1230	-17.2884	6.68102	-5.965397	6.379788	6.6773577
1232	-21.423412	-11.693742	8.495829	4.016332	-1.5437118
1240	-18.744358	9.6581955	-16.05869	6.7986975	31.14606
1254	-42.812714	11.746944	-42.70793	12.22017	-47.596924
1272	-51.028137	3.41799	-59.72807	12.878217	-74.569954
1275	-51.8615	3.0911272	-61.877144	13.690196	-81.316345
1292	-49.542244	2.9690318	-62.359226	14.022085	-81.825836
