35	14.0270048374638
46	12.7220726027567
50	12.5201677966612
559	11.5998503805345
411	12.2287083374441
245	11.1006108804603
460	10.6628956592912
505	13.4652704055043
414	11.4388885557422
1216	12.4688283909216
571	11.7761689266339
394	11.6537342422009
469	11.982770546074
418	12.131141908203
204	12.0771303212632
513	9.75616941596609
500	14.7068778803159
431	11.1180552224089
401	11.7080430282888
72	13.1053757651725
63	12.9349675721005
463	11.3588278966084
1240	11.6173633369674
155	12.7858208060666
527	11.6402112136492
547	11.5153442259941
461	3.60280897909774
492	13.1831535429503
553	11.5722534235422
499	13.3342912585636
388	7.96571202228288
530	13.4423900188834
438	12.8720424318391
374	11.6049927682962
403	12.0452993593262
555	12.7608784586509
448	16.6652704055043
358	13.0298715495707
70	11.340673437069
443	14.1508844789401
480	12.8400979873947
391	12.5851178815134
434	11.0851315869002
549	12.2601743939548
574	12.9757233522167
543	12.4430481832821
409	12.317988991427
437	13.9080430282888
545	10.4837426980113
561	14.2535011299945
389	13.4652704055043
570	13.9053229030954
40	11.9589196859807
428	11.9486775593275
486	11.771989569762
24	11.2711201997089
452	11.4323573286859
441	11.9962289926246
246	14.0201677966612
455	13.0851178815134
484	11.327345353312
453	12.5381112459191
577	12.5492223570302
433	12.8552897625859
398	12.9571439050056
502	12.567988991427
14	11.3676245918969
489	12.0986037388377
560	11.4688145809922
510	12.7287083374441
442	11.6842268541043
387	12.71666633352
1218	12.2791310675977
423	13.2109628287511
262	12.5906661147978
156	12.4336056742286
466	13.982770546074
238	12.6969319171777
365	12.6080430282888
538	13.6097148499488
25	12.6624334358714
15	11.5846556580937
465	12.1073401037357
456	13.331937072171
564	13.2757233522167
516	12.4535011299945
367	8.74614012499532
544	11.8846556580937
134	13.0620046318821
482	10.7676245918969
146	12.0822463812672
231	11.7541592943932
454	11.6957667692048
158	10.7014003494015
472	12.7716594349629
473	11.9967912585636
533	11.7728993802124
396	12.7627172308409
514	12.019833511868
477	13.0809649202336
471	14.193744013253
542	10.8747096949555
164	11.0518669545271
449	11.9295623259579
382	11.7142763301537
552	9.96320488290401
184	13.031937072171
521	12.6603334681413
467	12.6184512148468
369	11.428173437069
540	11.860931320728
528	13.7887392694234
563	12.2829829511642
419	12.4275119848081
417	5.30764932734846
495	10.0492073970691
230	11.6350627649342
99	14.5736225716238
844	11.472918892523
212	11.8854271051262
67	13.48223131082
171	11.9994659941237
3	13.1498202096169
756	11.141179511152
843	11.2698318857093
877	13.502345353312
855	11.3604106799196
326	14.2833330001867
31	13.2442948249789
908	11.9387090985058
764	11.517988991427
187	11.8020613569791
795	12.9312789077723
4	13.1097148499488
81	12.5759999008307
902	11.1846556580937
771	13.2460327938945
205	12.4965382162373
584	13.093744013253
89	12.0691949501473
825	12.2272149905184
717	11.804149014483
901	11.6868344633278
18	13.6187604384595
247	8.59860373883763
900	12.2184512148468
714	12.5851178815134
896	12.5005448361501
746	6.24841236526602
810	11.9187604384595
190	10.7978085748696
733	16.1997342070303
863	13.048412365266
854	15.0667152347769
742	11.5665170472011
722	12.0430481832821
796	13.2231801474525
780	11.8635985838444
167	11.5608784586509
216	12.0979455744389
737	9.98172448218943
803	13.6895469533004
890	10.8493159940151
761	13.3236225716238
745	13.4505553967408
798	11.9381884576974
223	13.0652704055043
911	12.7072463812672
712	11.8646122411056
857	14.5868344633278
802	13.2697775241338
838	12.0068778803159
243	12.7158890236969
781	13.1517845481801
702	11.5493128695587
65	13.7986037388377
806	10.1426231310898
1223	11.2836963520178
739	14.2123254008652
833	10.3803908506312
845	11.5605085007424
752	11.9878338100929
862	13.1494372127407
818	12.9166978679867
850	10.5854271051262
206	12.5068778803159
778	13.0520937717929
225	13.4513223247603
716	13.4722534235422
821	11.7969319171777
13	14.217988991427
97	13.3080430282888
785	13.2220726027567
823	14.081937072171
234	12.3172115028167
744	12.4513223247603
150	13.5121020084976
910	9.85132232476036
779	11.4298715495707
254	12.5541592943932
864	10.8680670160682
831	13.9292481700822
704	11.6492995688085
894	12.4049927682962
176	12.3831850509734
725	11.6909662354752
188	12.7944441112978
708	13.4430481832821
904	14.65003120132
732	13.1810343515973
21	14.0498202096169
881	11.2499996668533
834	10.0191541394
906	13.7833330001867
793	13.0858208060666
295	12.0833645346534
266	12.7691949501473
299	11.9628694439976
300	9.96111077796443
298	12.7644752415363
324	13.1969319171777
289	14.0747096949555
363	10.9676245918969
339	12.5768410606215
350	12.35003120132
356	11.95540593609
1224	13.1002723408953
345	11.5979455744389
327	11.584117599995
315	11.7274962175747
329	12.8302652505111
311	11.2906871424558
307	13.6164868762836
274	13.1587207745982
305	12.9302652505111
284	11.4851178815134
775	13.05540593609
755	15.5885985838444
355	13.1520937717929
244	11.2854271051262
328	12.3509305596664
332	12.5531652190426
1226	12.6740067704023
288	12.0499996668533
259	12.2861352701561
260	14.10077594786
264	11.8277774446311
283	12.8302652505111
313	11.4368077814118
293	14.393183669677
291	12.6256760618572
290	12.9872801016304
310	13.6541592943932
297	12.3858208060666
882	11.428173437069
1250	12.7942117919842
215	13.5571439050056
1254	11.9544535330422
1259	9.80555522240887
108	12.4652704055043
1272	11.2538816571851
170	11.8930552224089
122	10.727000134808
217	12.0014003494016
1292	12.6216882163459
829	10.7886073286859
39	12.1041050059087
729	12.5595023238526
52	12.6388885557422
753	12.9165183843067
820	13.5187604384595
813	11.6936668014746
807	13.5620416707775
841	11.4184512148468
720	12.0043602207257
754	13.1011274101366
751	12.3483912127415
814	13.3981786866453
774	11.2055552224089
789	12.3313816571851
731	13.2809429968204
861	13.6073401037357
5	12.0170464354172
868	12.4291001025381
719	11.11666633352
811	12.1735445469826
888	11.9430481832821
866	13.0028089790978
727	13.2291001025381
828	12.0120734538481
1030	12.5409826606818
913	12.7258174643573
1043	3.90555522240887
918	11.5405797146006
1004	10.5776294954178
915	12.0087224007569
28	11.8423900188834
1228	12.7389200902089
1001	12.6413763616222
1017	11.5757233522167
51	12.7783198362721
1053	12.50905668555
1057	10.180488991427
1102	12.6302652505111
1121	11.1561694159661
977	11.1015883494501
995	10.1605628609457
948	14.1854271051262
1033	14.4870675755342
1098	11.4953289233846
1041	12.3109614916456
148	12.3048551243641
1123	12.0874926277266
1039	10.9692448656404
1069	10.8158890236969
57	11.9541592943932
55	11.4170464354171
221	13.55003120132
1103	11.1278089790978
1122	11.690477238339
45	12.6172115028168
1023	11.9498202096169
939	11.2025979873947
1120	12.5275451253176
1080	13.1224945631175
1044	12.5466640069969
1230	10.9118077814119
958	12.9402112136492
986	10.5073401037357
71	12.5842638929997
36	12.2278089790978
241	13.421193162842
12	12.5877975599262
177	11.8997808320339
1016	10.4969319171777
929	11.8888387936359
916	11.8653102286137
1109	12.3389200902089
1078	12.3312789077723
84	11.8415317279762
1115	12.0302652505111
1302	11.8969319171777
1034	12.2735445469826
136	13.0180670160682
139	12.2319267922607
952	11.2628956592912
1035	11.5936668014746
1073	12.8854271051262
38	11.5253874412649
77	12.9346950768457
1112	13.2476096634871
924	14.2409826606818
931	13.1715217910308
1015	10.2979455744389
1067	12.0753330796894
984	12.183544285313
920	12.2277774446311
934	12.089773367829
695	11.7944756457645
29	12.8157299495104
575	12.371833234164
1008	10.9624334358714
182	10.8187604384595
186	11.1080430282888
1014	13.340673437069
1051	12.5807496990644
932	9.29622899262456
1074	12.2714445792524
138	12.190477238339
64	13.589845353312
61	14.0611056491781
983	12.1275451253176
60	15.2541592943932
252	12.1349675721005
1009	14.0883406387235
195	10.6053757651725
945	15.6331837138678
1052	12.6167152347769
1107	12.9154147374005
26	12.509127341485
998	11.6722534235422
229	11.7787401205147
914	12.727443162842
59	12.0405448361501
9	12.1166978679867
1081	11.562909364678
1036	11.8986037388377
959	13.6628956592912
954	13.3587207745982
1088	10.9583149507461
944	9.57400677040233
1075	11.1561308063224
936	9.57400677040233
23	12.9754787960418
1111	9.81648687628355
1048	11.5747096949555
48	12.0839913977449
1019	13.8231801474525
938	11.1009579252303
1068	13.086410956015
1106	11.4073401037357
987	12.3371850944981
251	12.5098591818449
62	11.5600560323151
1037	15.3166978679867
76	11.4564229217678
968	11.7161038794073
69	13.0942646540614
588	12.5624334358714
228	13.9349216827834
1125	11.0396648367489
82	13.3497673475398
930	11.0541592943932
950	12.6480162303739
988	10.6272990611013
68	14.063204882904
30	12.6437045777584
1104	11.4126890285664
1062	13.2635985838444
1059	11.1258307736925
11	12.8962289926246
989	13.8979455744389
43	16.5405969371655
686	11.4747096949555
690	12.817597226333
654	12.4496110119418
662	12.7975553019116
700	13.263204882904
685	11.9942646540614
698	11.1294686034894
675	11.6541592943932
682	11.266999746356
642	15.055488991427
641	11.71666633352
672	11.3858208060666
677	11.4942961620844
673	8.23141047043732
616	12.3685493884271
624	11.9064861152219
615	10.9842912585636
634	12.5611423124311
87	11.8541592943932
628	11.9738268388791
602	11.2775979873947
647	10.4618159940151
609	11.531937072171
629	14.2047779125858
1168	8.04929956880854
1142	13.8776281583122
253	14.2107221230529
1137	11.0208259610599
1184	10.817988991427
232	12.2499996668533
1150	12.0743159940151
41	13.0969319171777
85	12.8775119848081
80	11.9055552224089
95	13.6872801016304
237	12.1826329021419
44	12.7277774446311
34	10.9208259610599
1177	12.0211671434263
1129	12.3965382162373
1197	13.4164868762836
1154	12.7034662354752
49	14.0396122411056
53	14.1461738760453
224	11.0278089790978
1187	13.2400979873947
1199	12.0080430282888
1131	11.8476096634871
1147	12.9098591818449
1135	11.9854271051262
1196	9.10687788031592
169	12.1714445792524
1153	12.3735445469826
1195	14.0180552224089
590	13.5517845481801
1207	12.1535011299945
220	13.1313816571851
1232	12.6253375664646
1194	10.4243159940151
1206	9.21610387940727
1141	10.9053757651725
1175	13.3291001025381
1211	13.3003797687505
1198	13.6014003494015
16	12.3423900188834
1133	11.9757233522167
242	13.1979455744389
1130	12.231937072171
181	11.4414051879143
22	12.8201677966612
1151	12.3388885557422
1156	11.3824189905193
198	12.9524874727333
1132	13.5998835071966
56	12.7318170055027
1162	11.691999746356
1155	14.65540593609
506	11.6245924219311
554	13.5979455744389
905	6.74067343706901
1058	12.6851178815134
436	14.478735703008
565	12.4537342422009
191	11.5220726027567
946	12.2587207745982
366	12.671989569762
6	12.9603334681413
776	14.1889337966793
74	11.263204882904
653	11.463204882904
1084	11.8298715495707
143	10.8031652190426
826	13.3783226139279
1003	13.4068778803159
476	11.0957667692048
267	12.317988991427
907	16.2942117919842
131	12.7142763301537
947	12.9942646540614
681	4.72759798739467
236	13.8053757651725
657	10.9048551243641
1301	12.11666633352
32	13.0499996668533
1189	10.9934167818834
651	11.5322747057127
343	15.1406871424558
271	13.0388885557422
501	11.7047779125858
1116	13.427000134808
1061	11.6047779125858
380	10.4270773465863
214	12.6275451253176
858	12.6608784586509
1238	13.7497673475398
797	12.7769826077632
546	11.3875664482164
422	13.2442948249789
1096	13.3831535429503
610	11.8698318857093
971	13.3321379985035
285	11.4426231310898
788	13.5962289926246
975	12.9920541079315
787	15.6178387602699
208	12.5605483238518
707	11.4938816571851
1025	13.5759720761636
860	11.7187604384595
462	14.5520937717929
1145	9.69780857486962
1160	10.4270773465863
875	11.280488991427
770	17.1381884576974
576	12.4457252415363
991	12.7537342422009
557	13.8998503805345
357	12.3315120199787
239	12.0804963464828
93	12.3388885557422
786	11.4220726027567
897	11.3938816571851
75	10.871989569762
620	12.2238105716723
1056	13.2887392694234
474	12.6722218890756
