35	13.4
46	13
50	13.1
390	13.4
411	12
245	12.6
505	12.2
395	5.6
1216	11.1666666666667
571	12.1
469	10.2
418	13.65
204	12.5
174	9.7
458	14.4
72	11.1
377	11.6
133	12.5
512	14.2
507	9.5
548	13.95
499	14
444	12.5
425	12.9
530	14.3
438	11.8
550	13.9
537	15.7
374	11.3
406	11.5
403	13.6
448	14
358	11.5
70	11.1
443	15.6
480	11.2
574	13.3
543	11.1
437	11.4
389	11.2
570	12.2333333333333
40	12.8
428	13.5
24	12.7
452	12.7
246	13.1
397	11.1
583	15.5
453	14.4
433	13
485	7
398	10.9
178	10.9
14	11.2
489	13
560	11
510	12.2
442	10.3
423	13.5
466	11.9
238	11.3
538	16
408	12.1
399	15.3
154	11.9
25	12.4
15	12
456	14.3
564	12.9
516	12.3
544	11.35
446	13.7
134	14.4
19	13.1
533	11.9
396	11.5
514	12
471	11.8
375	8.3
382	13.5
407	16.3
552	11.35
184	12.8
521	11.8
400	12.8
369	13.5
540	13.4
563	9.9
432	10.5
419	10.6
230	10.6
99	16.4
844	6.8
67	12.5
137	15
171	11.3
3	14.15
756	11.5
840	9.8
877	12
326	13.4
31	11.1
777	13.9
795	10.8
4	10
81	12.9
723	13.9
724	17.2
771	12.3
160	13.5
27	13.1
205	13.7
584	12.1
769	11.4
783	12.2
825	10.6
901	11.9
900	11
714	13.5
896	14.7
810	10.5
733	19.5
854	14.6
742	11.6
796	13.2
780	11.2
167	14.5
728	16.6
216	10.3
1221	12.2
803	15
890	12.4
745	16.4
759	11.6
798	13.4
223	10.9
703	11.7
911	12.4
712	12.9
710	15.2
802	13.8
822	11.9
878	7.7
243	11.6
702	10.7
65	15.5
1223	11.6
739	11.2
791	12.1
752	12.3
818	12.7
778	14.1
225	12
716	12.7
821	13
98	11.6
13	12.8
97	11.4
823	14.9
234	13.9
744	15.9
150	10.1
779	10.3
864	12.5
831	12.2
704	12.3
851	11.6
894	14
1	11.6
176	12.8
725	12.3
808	10.2
188	11.7
816	12.3
708	13.1
885	13.3
904	13.85
732	14.5
21	11.7
906	14.7
793	12.4
296	12.6
266	14.1
299	12.6
300	11.9
298	13.4
324	13.9
289	12.5
339	13
350	14.6
359	12.7
1224	13.6
345	10.8
315	11.5
329	12.55
304	12.1
307	12.1
302	12
274	12.5
292	7.6
305	14.8
284	8.8
775	13.6
893	13.1
755	14.1
328	13
332	12.3
1226	10.6
260	16.8
287	11.2
283	11.3
313	13.4
279	13.9
293	13.7
1227	9.5
291	9.3
290	12.4
360	12.4
297	13.6
882	11.4
151	9.9
1248	7.8
120	10.4
215	10
121	9.7
103	11.2
1268	12.8
1271	10.5
1272	9.9
107	11.4
168	11.2
1275	8.4
1274	10
1276	13.05
1278	7.5
127	9
1282	12.1
1291	13.8
217	12.3
1292	11.9
39	13.6
729	11.6
52	10.7
753	12.7
817	14.1
706	12.8
813	15.7
909	11.7
807	10.5
841	11.3
720	13.6
754	11.6
751	12.5
814	13.2
774	11.8
849	8.8
789	13.8
876	10.4
880	9.8
731	16.4
790	16.9
5	12.9
868	11.8
811	10.2
888	11.7
866	10.9
727	13.3
1030	11.9
1094	10.3
913	12.8
918	13.5
1004	12
922	11.2
915	13.2
28	14.3
1228	13.6
1017	10.5
949	11.7
1102	13.5
1121	12.4
977	12.7
948	12.5
1033	14.4
1098	13.1
928	13.9
148	11.7
1123	9.8
1069	13.2
57	11.6
1085	13.6
221	11.8
1103	11
45	12.6
939	10.7
1120	11.2
1080	15.5
1230	12.7
1066	15.1
958	11.5
986	12.5
1093	11.8
962	14.7
71	13.2
36	12.8
241	11.8
12	11.9
177	11.5
929	11.1
916	9.9
1109	12.7
1095	14.4
942	13.9
84	11.9
1070	9.4
1302	11.9
1034	11.2
1026	13.2
1118	11.1
1050	10.3
79	12.4
952	12.6
1035	13.2
38	11.2
77	12.5
1112	13.3
1002	9.9
1064	12.7
924	12.3
931	12.9
926	14.5
1113	16.7
695	12.6
970	14.6
29	11.6
575	13.2
182	12.7
186	12.8
1000	13.7
965	15.2
1051	15.9
953	12
1082	11.9
932	12.2
979	21.9
1074	12.3
969	7.9
64	13.8
61	13.2
983	12.9
189	11
60	12.3
252	11.8
1009	12.9
1086	17.5
972	10.2
945	12.4
1052	12.7
985	10.7
1107	15.1
981	11.4
26	12
229	13
914	11.3
960	11.5
59	13.75
9	8.8
1077	15.7
959	12.8
954	13.8
23	11.7
141	11.7
1071	11
1048	10.8
48	11.7
1124	14.1
938	9.8
1068	13.2
978	11.5
1106	13.4
251	11.9
62	11.2
1037	10.5
76	10.1
69	14.9
83	10.7
982	9
588	12.6
1083	13.7
1125	12.6
82	10.6
1090	14.6
956	12.8
950	15.2
68	12.7
30	11.2
923	10
917	13.5
1042	12.7
919	16
1059	10.9
11	11.8
989	17
1134	14.1
43	15.5
690	12.5
654	14.6
662	9.8
688	8.6
700	12.9
698	10.7
682	8.9
642	12.6
658	12.2
660	10.5
643	15.1
677	11.7
678	10.8
616	12.8
621	11.4
94	10.9
614	7
611	11.9
612	11.5
594	13.5
602	12.1
652	11.4
599	12.7
629	11.8
1192	14.1
1142	11.4
253	12.2
232	13.6
1146	11.2
1209	13.3
1239	13.4
41	11.6
85	12.6
80	11.3
95	12.45
237	7.2
44	11.6
1190	8.8
209	12.7
1210	13.1
1197	12.3
1154	12
49	15.3
53	12.1
224	13.3
1187	12.9
1157	11.7
1205	14.7
1131	12.6
135	15.6
1147	11
169	10.45
1195	15.3
590	14.9
33	11.9
1139	12.3
192	10.3
1207	12.5
220	15.2
1232	13.375
1206	10.2
1148	11.8
1211	12.6
1198	14.6
16	14
1170	11.4
73	12
242	12.4
181	10.3
203	11.3
22	11.9
1163	14.2
198	13.1
1159	10.9
1132	17.3
1171	12.3
554	13.8
1063	12.5
124	10.6
317	10.6
997	13.3
96	15.6
191	9.8
946	11.8
1222	13
6	12.2
760	12.6
74	12
653	10.8
800	13.9
826	14
1003	13.4
267	13.8
859	12
907	15
131	14.3
276	11.1
947	13.3
681	11.7
199	14.6
331	10.9
236	12.6
86	14.6
657	7.9
385	14.2
1301	12
937	14
32	15
651	11.2
334	11
179	8.5
343	12.3
271	12.9
1212	13.3
501	11.2
1116	12.7
980	13.7
581	12.3
933	14.3
214	15.8
227	14
797	12.2
558	11.6
1100	12.3
250	13.2
422	8.7
632	15.2
1096	12.1
610	13
971	14.4
596	13.1
47	15.4
285	13
427	13.3
524	10.5
494	13.7
788	13.2
975	14
787	14
1011	14.8
765	16.1
966	10.2
707	9.2
503	11
1025	14.4
462	14.7
1160	10.9
576	12.1
852	10.3
145	11
991	12.3
557	15.1
357	12.9
1165	11.3
592	11.6
93	11.8
1233	12.5
786	12.2
459	11.45
75	12.5
620	11.9
709	12.1
