35	6.4358
46	6.0944
50	7.218
390	4.909
411	6.5452
245	4.4074
505	3.3674
395	3.1052
1216	8.44786666666667
571	4.5576
394	4.688
469	3.923
418	7.4543
204	4.15225
458	5.5962
72	5.625
463	2.90675
377	7.0122
133	6.74
556	3.9625
512	3.9166
507	4.0242
548	5.2753
499	6.4248
388	2.0892
444	4.247
425	5.97433333333333
530	6.0784
438	3.274
550	8.7782
537	7.1914
374	6.9724
406	5.4702
403	8.3796
555	5.1665
448	5.9524
358	5.9532
70	3.9168
443	10.1694
480	4.2762
574	4.746
543	5.737
437	5.0344
545	4.7296
389	7.357
570	5.50133333333333
40	11.7262
428	4.6854
24	4.4396
452	3.6608
246	7.213
397	3.0732
373	2.42975
583	3.822
453	5.275
433	5.4488
485	3.5422
398	1.9822
178	4.8806
14	7.9234
489	5.968
510	4.405
423	5.5066
466	4.8736
238	8.8044
538	6.1236
408	4.279
399	5.1646
154	5.454
25	7.6226
15	6.6554
508	5.4316
456	8.1918
544	4.6677
19	8.7812
396	3.967
514	3.5116
451	6.2942
471	5.1288
375	4.5548
382	7.5672
407	5.07775
430	3.9705
552	3.6701
521	5.0754
400	5.93625
369	3.938
540	7.2064
563	3.7664
432	6.1264
419	4.054
230	6.4992
99	5.8898
844	6.1184
715	6.0686
67	3.9388
137	6.0724
171	5.5572
3	5.9456
840	5.73275
877	6.2513
326	5.5586
31	3.3408
777	5.5118
795	6.1882
4	6.1048
723	8.0974
771	3.9996
160	7.432
27	6.426
205	6.7088
89	9.4822
769	5.183
783	5.9676
901	5.1284
900	3.6416
714	6.24595
810	2.7634
175	5.7196
190	3.1074
854	5.4804
742	3.77533333333333
796	6.624
780	3.4434
167	8.0454
728	6.8974
1221	2.2532
803	6.53
890	10.9116
759	5.9468
798	8.1558
223	5.6006
703	5.9212
911	7.0542
710	6.7496
243	7.5442
702	3.564
65	5.0698
1223	8.53
739	5.8532
791	5.2719
752	7.8918
818	5.631
778	4.3622
225	7.4268
716	4.8726
821	8.3521
98	9.0506
13	8.0164
97	5.5462
823	9.81
744	2.9664
150	3.5408
779	4.748
864	5.379
831	5.6698
704	4.442
851	3.4816
894	8.7024
1	5.3902
176	4.5536
725	3.65755
808	6.2812
188	3.475
816	5.168
708	6.6182
885	6.0826
904	7.5292
732	6.7144
21	4.7574
906	6.5678
793	6.3306
266	3.3806
299	5.2972
300	3.95025
298	4.738
324	4.7204
289	4.6016
339	6.5096
350	3.5688
359	3.0352
1224	5.060925
345	6.8887
315	4.84366666666667
329	5.3216
304	5.4274
307	6.259
305	5.5618
775	6.054
893	5.155
755	4.521
332	5.39495
260	5.7498
287	5.0924
283	5.0392
293	8.9244
1227	7.1452
291	3.4365
360	3.8682
297	5.1804
882	4.4935
151	6.0875
149	5.251
1244	4.171
1250	3.8628
120	5.4572
215	3.434
110	4.8076
1259	3.2898
112	6.743
108	5.5696
103	5.4572
1263	7.5326
1268	8.4408
1271	6.7018
1272	4.8774
107	7.936
1274	6.0634
1276	6.5975
127	2.9936
1288	3.145
122	4.1166
185	5.8931
217	4.0818
1292	4.7796
39	7.683
729	5.0714
52	7.6524
753	4.949
706	6.9514
813	5.4222
909	4.7288
807	5.5006
841	8.4392
720	4.9716
754	6.9616
751	4.9234
814	4.18
774	3.551
849	4.9764
789	7.91
876	5.0258
731	6.387
790	6.48475
5	6.1086
868	4.69325
811	3.9972
888	4.022
866	3.156
727	4.0586
1094	3.182
913	7.8822
1004	3.9636
922	5.9548
28	5.1568
1017	5.1064
1057	3.7378
949	5.4448
1102	6.90725
1121	7.167
977	4.4166
948	7.3926
1098	3.8624
928	5.17
148	3.816
1060	4.4412
1123	4.4788
1069	5.6844
57	3.9554
1085	5.1214
221	4.4618
1103	2.9708
45	6.279
939	4.31075
1080	6.2244
1230	4.7528
1066	4.213
958	5.1986
986	5.2198
1093	2.7992
962	5.982
71	5.1882
36	5.4346
12	4.2076
1109	4.2716
1095	5.1336
942	10.3082
84	5.0782
1070	5.4596
1302	5.4352
1034	3.9158
1026	6.2516
1050	5.8454
79	3.8516
952	4.9052
1035	10.412
38	4.9964
77	3.973
1112	5.5322
1002	4.2224
973	7.055
1064	6.5798
924	6.1522
931	6.384
926	5.36633333333333
1113	11.0474
695	4.071
970	5.017
29	4.4162
575	4.5948
182	4.7228
186	4.2676
1000	8.3536
965	7.83066666666667
953	5.675
932	5.4834
979	9.8024
1074	5.0636
969	2.2568
64	4.19425
61	5.2024
983	9.455
60	6.7852
1009	6.5504
1086	5.4672
972	5.9532
945	8.8596
1052	5.065
985	5.5219
1107	5.044
960	5.229
59	6.9339
1077	6.6838
1036	7.0002
959	4.9914
954	5.2332
141	3.5128
1071	7.6102
1048	3.7226
1124	7.5102
938	5.2626
978	5.2136
1106	5.0356
251	6.3074
1037	5.5896
69	8.5328
83	4.559
982	3.092
588	5.3804
1083	5.3835
1125	5.0805
82	3.657
1090	5.7384
956	5.9178
950	4.2688
988	3.2982
68	6.1284
30	3.1538
917	7.3732
1042	5.8384
11	2.964
1134	9.6986
43	4.50626666666667
690	4.3784
654	4.4102
662	4.2644
688	2.3732
700	5.8446
698	4.8748
658	5.0294
660	4.1428
643	7.1942
677	4.6739
621	4.1624
94	4.9272
611	4.3336
652	3.6572
647	2.8396
629	5.4404
1168	3.1662
1192	5.0404
1142	4.0218
232	6.03425
1146	5.2692
1209	4.9306
1239	4.3778
1150	7.9542
41	5.4502
85	4.0206
80	3.6374
95	3.9066
44	4.2645
1190	3.4536
209	5.7586
1210	5.497
1197	3.9742
1154	6.2078
49	9.1664
53	6.9146
224	4.65433333333333
1187	4.453
1157	5.3188
1205	6.473
135	5.1185
1147	7.9478
169	3.683
590	7.2178
33	5.39325
1139	6.0374
192	4.612
1207	3.4522
220	4.88233333333333
1232	6.9667375
1148	4.961
1211	4.3478
16	7.59275
1170	3.4654
73	6.6622
242	3.9746
181	2.756
203	6.249
1215	6.3914
22	5.5504
1163	5.98966666666667
198	4.9264
1159	4.4278
1132	5.9908
1171	4.256
483	6.9528
554	5.331
1063	6.334
124	6.142
436	5.1862
997	5.344
96	4.8548
191	3.8552
946	4.4702
1222	3.597
6	7.5842
760	6.2494
74	4.0324
653	6.0378
967	3.0598
800	4.6916
826	7.24475
1003	6.5376
859	4.14225
907	5.97113333333333
131	5.2654
867	3.2548
947	5.2742
681	3.9546
199	13.1134
331	4.3088
236	5.8818
86	5.5988
657	3.7478
385	5.4374
1301	4.504
937	5.592
32	4.827
651	3.93925
179	2.8458
343	7.1946
271	4.2572
501	6.1426
1116	5.4713
581	7.0896
933	6.388
214	5.04433333333333
227	6.0712
797	5.0996
558	2.9142
1100	5.9602
250	5.867
422	4.5408
632	5.047
610	6.007
971	4.5916
596	4.26533333333333
285	4.14833333333333
524	8.1516
494	5.1316
788	6.7182
787	5.5056
1011	8.2218
765	5.6826
966	5.7844
503	5.1132
1025	7.5702
462	4.18133333333333
770	7.4646
576	5.9584
852	2.281
145	6.9018
991	4.5614
557	6.4286
357	7.32975
1165	3.6816
592	2.8384
93	4.1262
1233	4.3826
786	5.489
897	9.1205
459	6.3144
75	8.116
620	2.9096
709	3.44775
