35	6.69105729444209
46	8.56443363926847
50	8.22636563529858
559	8.05187024399596
411	7.12850209101604
245	6.276806576368
460	7.63810555830028
505	5.34732349292304
414	5.97714659716363
1216	8.65476575721988
571	6.95105823588745
394	5.18219990153116
469	5.07098915536375
418	9.01714912656151
204	5.06557606704088
513	3.93631675539477
500	4.9484108728015
431	8.95759104160807
401	10.2104561841541
72	6.26831675539476
63	6.35219444589723
463	5.60024169405827
1240	5.50508089134673
155	7.42667760372097
527	5.73542800912705
547	5.38482121691392
461	3.25180520945856
492	6.91667138656397
553	7.77447187612524
499	8.1751817867197
388	3.32615315334305
530	7.16404588429514
438	4.67991754159528
374	7.89581095327973
403	9.19668117363134
555	9.08277712676362
448	12.1311468751414
358	7.54251815352347
70	5.34311303460567
443	11.195928220848
480	5.19502865270639
391	10.0411055583003
434	7.55285111933315
549	5.70544350673181
574	4.83433145847316
543	7.15314687514139
409	6.68178521809579
437	12.3378799831232
545	4.42124000822203
561	8.91336563529858
389	7.68914687514139
570	6.76077712676362
40	10.1914308241978
428	6.40353541549833
486	6.70877712676362
24	6.93038254887081
452	5.9402276542907
441	5.39680219945627
246	7.53704588429515
455	7.60511303460567
484	6.79380909078576
453	6.49114456487536
577	3.5862394964419
433	5.56854613995795
398	4.76496442470079
502	7.4444108728015
178	8.17580219945627
14	8.66285581474346
489	9.17432349292305
560	3.70476279674688
510	7.66978239102965
442	4.25826842281329
387	6.48474322950482
1218	4.40881972205172
423	8.495507119318
262	4.78274555430784
156	5.28527771883843
466	10.0663787457433
238	10.0144561841541
365	8.62787998312318
538	6.24614687514139
25	7.60078521809578
15	8.89678521809578
465	8.74610555830028
456	10.7238781002325
564	7.34133145847316
516	4.58104588429514
367	4.11487239129664
544	8.4784108728015
134	6.03196323484375
482	6.87901151199132
146	4.7760113325539
231	4.12387810023245
454	6.39142800912706
158	4.05029016221984
472	7.87381095327973
473	7.04074470363236
533	5.11485201524248
396	7.13402745947692
514	4.72242658664184
477	8.49232299081006
471	8.00885924190561
542	9.48667760372097
164	7.7451732493474
449	5.59280219945628
382	9.07316169563736
552	3.93250734873798
184	6.08532349292304
521	7.10014456487535
467	8.06311303460567
369	6.11413553278961
540	8.12791754159528
528	10.4362364886517
563	6.08230123570522
419	6.05548912681429
417	4.41293592016655
495	5.22621442470079
230	6.51189525215569
99	10.4055953501894
844	6.33587810735225
212	3.66222705526845
67	5.86189963728352
171	6.28178628421943
3	7.40091754159528
756	4.99905351919582
843	5.80778718336755
877	7.68158686856353
855	5.57285924190561
326	6.64574322950482
31	5.96787024399596
908	8.33191754159528
764	7.87542800912705
187	4.7043476047114
795	8.66036563529858
4	6.73187810023245
81	4.5598246963067
902	7.8414108728015
771	4.57896442470079
205	7.29751815352347
584	6.39985924190561
89	8.99580538716633
825	7.08137874574325
717	6.45714741066269
901	6.22836563529858
18	7.41351815352347
247	5.0174325894271
900	4.85880219945628
714	7.83210555830028
896	6.32881607380002
746	3.76999322950482
810	5.08622705526845
190	5.40514055839873
733	7.33342531093425
863	8.31314659716363
854	7.48421726280884
742	7.60087024399596
722	10.2528781002325
796	6.85585581474347
780	5.23287998312319
167	8.88977712676362
216	5.53636563529858
737	4.75094491171128
803	7.9511858100719
890	10.9192270552685
761	8.29061243860209
745	8.08415489996838
798	10.55564362917
223	7.53187810023245
911	6.0640719358121
712	7.26336563529858
857	4.31604588429515
802	7.9956379531029
838	5.47442800912705
243	8.47399699648281
781	7.73680219945627
702	4.02737998312319
65	7.09087810023245
806	3.99481972205171
1223	6.10748822125268
739	7.215671023476
833	9.41307701512349
845	6.09787810023245
752	7.72336789893333
862	9.05437874574325
818	9.16828132663616
850	3.68422705526846
206	7.23142800912705
778	4.20022705526846
225	8.31942800912705
716	6.69128132663616
821	10.3578799831232
13	8.95078521809579
97	7.57545618415409
785	7.67623648865171
823	8.69532349292304
234	3.83781607380002
744	4.64378521809579
150	6.98360555830028
910	6.7994108728015
779	4.46250734873797
254	7.00287810023246
864	5.90834475673256
831	5.75158523396349
704	5.12124886596653
894	10.2328109532797
176	6.46324284510079
725	5.37013775485542
188	4.47014659716363
708	6.25714687514139
904	9.78528132663616
732	7.52246250811227
21	6.61931675539476
881	3.23514659716363
834	5.01287998312318
906	6.23414659716363
793	6.82487998312319
295	5.86247187612523
266	4.72062386558938
299	7.36329341835897
300	7.16174322950482
298	5.15188585337375
324	6.40467760372097
289	5.9524561841541
363	6.75318178671971
339	7.01473588671938
350	4.95928132663617
356	4.89987024399596
1224	6.18584569060218
345	8.27136563529858
327	7.15872834146359
315	6.68077709139228
329	6.29545618415409
311	5.79376281044232
307	8.02331675539476
274	5.53178718336755
305	7.82687998312319
284	4.22680219945628
775	9.24943363926847
755	6.95967760372097
355	5.22618482019014
244	5.73351815352347
328	5.26664224429489
332	6.48616169563735
1226	6.24980219945628
288	4.82060317138843
259	10.7319375483576
260	6.7084298163888
264	6.82660317138842
283	6.83087998312318
313	7.72118869771454
293	10.3043656352986
291	5.62651819573155
290	4.91628851407662
310	7.68014687514139
297	6.68267760372097
882	5.94410555830028
1250	6.77905743332131
215	4.77196442470079
1254	4.20810085123455
1259	4.82560317138843
108	7.68987810023245
1272	6.30981095327973
1275	6.41378521809579
170	5.17540989617149
122	2.63099699648281
217	5.14709535018938
1292	6.1336075962473
829	3.88620706233408
39	8.53821215323935
729	6.03451026217577
52	6.57014659716363
753	5.56215266844551
820	7.16951815352347
813	6.71514456487535
807	6.82003699238635
841	7.14180219945628
720	5.59138243351289
754	8.51711665545886
751	6.16898329859655
814	4.31419990153116
774	4.96760317138842
789	10.6418780442527
731	6.91578718336755
861	7.87011303460567
5	6.60858198191952
868	5.32278521809579
719	6.02460317138842
811	4.43178521809579
888	5.88887810023245
866	4.30076687604261
727	5.7844108728015
828	5.06052817473211
1030	5.51650734873798
913	7.46727333693707
1043	3.56874322950483
918	5.78643754835763
1004	6.4421943754529
915	6.10916413369304
28	6.12236563529858
1228	6.55347187612523
1001	8.24487998312318
1017	5.59115699540626
51	9.6585255327114
1053	5.61436563529858
1057	5.52498356468261
1102	7.36187998312319
1121	8.07231675539476
977	4.38096442470079
995	3.58595084951931
948	7.44450734873798
1033	7.21919990153116
1098	6.07555533814529
1041	9.86943363926848
148	5.96164362916998
1123	6.21732349292304
1039	10.9711055583003
1069	7.78490616310857
57	5.44714687514139
55	4.20211091304061
221	7.64698909826483
1103	4.81098909826483
1122	7.52489340818361
45	7.65674272122418
1023	4.74767138656396
939	6.05391754159528
1120	4.93284692950425
1080	7.4668911072893
1044	6.03874251402346
1230	6.10507548895399
958	6.4674108728015
986	5.28980219945628
71	6.28628239102965
36	7.36698909826484
241	4.20909083675189
12	5.25638275824772
177	6.47544480611189
1016	6.1734561841541
929	6.02378556766854
916	5.87760096796547
1109	7.32198909826483
1078	6.10436563529858
84	8.97071850838672
1115	4.93367760372097
1302	5.43887998312318
1034	5.64478521809579
136	6.04209535018939
139	7.6865585351458
952	8.66580219945627
1035	13.2331445648754
1073	5.62422705526845
38	7.11916169563736
77	4.77061881079087
1112	7.33178718336754
924	6.04451815352347
931	7.77324886596652
1015	7.01404588429515
1067	7.87832804284263
984	3.89680862779811
920	5.38874322950482
934	5.98342822084802
695	5.20947187612524
29	4.98158905585932
575	4.0345263801361
1008	5.9544108728015
182	6.46851815352347
186	4.46867760372097
1014	5.54635775501184
1051	10.1402145256117
932	7.85011303460566
1074	7.62714456487535
138	4.20678229707249
64	4.57048638871839
61	6.86106908974525
983	10.9890574333213
60	8.73914687514139
252	8.47121153430995
1009	10.1975286981432
195	8.42067138656397
945	8.33223648865171
1052	6.91441964967916
1107	6.27170442099408
26	7.2034032776794
998	5.67428132663616
229	6.78474427850035
914	6.41592417008522
59	5.91563746931565
9	5.59528132663617
1081	7.30547891421056
1036	7.34332349292304
959	8.60180219945627
954	6.64716169563736
1088	6.85912399120968
944	4.22911303460567
1075	6.83495534726846
936	3.39111303460567
23	6.66296250811226
1111	5.36931675539476
1048	5.46187998312318
48	6.93261202587564
1019	7.36085581474347
938	6.85551512005304
1068	9.4330209644951
1106	7.58780219945628
987	6.73676157764745
251	7.15526483275739
62	4.40444574755726
1037	6.23598909826483
76	7.62858157793696
968	6.40298915536375
69	8.24391754159528
588	7.5004108728015
228	8.47196442470079
1125	6.64542981638879
82	4.88984692950425
930	6.64832349292304
950	4.5723538271028
988	3.81265687593879
68	7.57851815352347
30	4.84288669565339
1104	9.94997834146359
1062	6.74487998312319
1059	4.53665995819517
11	5.11510555830028
989	10.0993656352986
43	4.89447308132526
686	3.99867760372097
690	3.98178779342239
654	6.95687011299382
662	5.49812231473224
700	6.99550734873798
685	5.80491754159528
698	4.5415113325539
675	4.19014687514139
682	3.27124334725336
642	9.18609467579372
641	6.75360317138842
672	5.50345618415409
677	5.572007119318
673	5.63191108429816
616	7.62819603901105
624	5.82128779342239
615	5.0051891480768
634	4.51828132663616
87	6.42532349292304
628	4.35915797571966
602	6.78502865270639
647	5.33817401540465
609	7.05887810023245
629	8.28290616310858
1168	4.13424886596653
1142	7.29823648865171
253	6.50664558101949
1137	6.67587810023245
1184	7.33078521809579
232	5.89114659716363
1150	7.68350734873798
41	5.11745618415409
85	5.37798912681429
80	4.40074322950482
95	6.21501026217577
237	5.32624886596653
44	4.89814659716363
34	9.27014687514139
1177	4.98784455785614
1129	5.18950734873798
1197	4.13267138656397
1154	8.00664362916998
49	9.56536563529859
53	10.455697870554
224	6.21398909826483
1187	5.84891754159528
1199	7.14167760372097
1131	7.58416169563736
1147	12.8806869841335
1135	4.47451815352347
1196	4.2024108728015
169	5.09990616310858
1153	9.12542800912705
1195	6.43449206027731
590	6.25811303460567
1207	7.04536563529858
220	5.95425539772417
1232	5.81592652491094
1194	4.19167149971289
1206	9.88481095327973
1141	3.16531675539476
1175	8.66978521809578
1211	5.96238718672977
1198	8.09211574334539
16	7.64204588429514
1133	7.24936563529858
242	6.27833145847316
1130	7.72632349292304
181	3.82011665545885
22	9.14236563529858
1151	5.98914659716363
1156	4.12923295852107
198	8.30167760372097
1132	6.47860201524247
56	4.89246745577584
1162	6.36745304284262
1155	9.55487024399596
506	7.0583078531401
554	5.80933145847316
905	6.726446367939
1058	9.50280219945627
436	12.3598558147435
565	4.88619990153116
191	5.07443363926847
946	4.29316169563736
366	4.59784692950425
6	9.97214456487535
776	6.74212102859119
74	3.61322705526845
653	9.27722705526846
1084	6.25750734873798
143	4.27916169563736
826	7.58481607380002
1003	11.0717852180958
476	6.99478521809579
267	8.89242800912705
907	6.53577712676362
131	6.99716169563736
947	8.96267138656397
681	3.63867138656397
236	6.47291754159528
657	6.09985924190561
1301	5.50474322950482
32	7.17374322950482
1189	5.63464242411909
651	5.99609467579372
343	5.49515632414339
271	4.21014659716363
501	8.30714456487536
1116	8.41214456487536
1061	6.88090616310858
380	5.53424886596653
214	4.57584692950425
858	7.05884692950425
1238	5.82505743332131
797	6.60191937997874
546	5.78915214049255
422	5.66687024399596
1096	3.81591754159528
610	7.46716169563735
971	5.39245246257109
285	6.14714242411909
788	11.6021055583003
975	6.60078718336755
787	9.29137772936238
208	6.77598915536375
707	4.36098915536375
1025	9.09993753852109
860	6.21322705526845
462	8.10751815352347
1145	7.46364055839873
1160	4.27569331041096
875	5.96600744031801
770	8.95124886596652
576	5.64231971308665
991	4.07081972205171
557	8.99810030593514
357	7.54619990153116
239	5.37535418238847
93	5.55614659716363
786	7.98287024399596
897	8.35606095327972
75	7.78377712676362
620	4.53596442470079
1056	7.17687024399596
474	5.99874322950482
