50	-31.9647166245318
559	51.2601666064745
411	-9.59593484357544
245	-11.7895452681307
505	-3.54888766510409
1216	-11.8139133888358
571	6.09790664225798
418	-17.634532062361
401	2.70202541162887
63	-22.9461654819433
547	-0.534263115979717
492	32.5443311255907
499	22.7869505809597
530	3.0789288335263
374	-1.25753471867036
403	49.3306001998707
555	-9.58398771702922
448	-28.0323674560969
358	-42.0593877410965
70	-21.908168183521
443	0.340424696267089
391	-14.2919950314758
434	-7.94676166836023
574	-20.9786299849143
543	65.9059209562045
409	25.2322031441638
545	31.1609370679531
561	-47.1512508506308
389	-35.4939439118552
570	-18.6082666492579
40	-16.7959033344292
428	2.51370302678266
486	-2.31928628537716
24	12.5823489931348
441	-0.645028399524423
246	-9.10338914501899
455	20.3739429471611
453	-1.2085298748709
433	8.60663651210753
14	-6.23920198572807
489	-16.0353268732325
510	-5.6620320637703
442	2.67442733102434
423	-5.76099226182764
156	-6.68528421544477
466	-8.29099574666906
238	-26.5540509177599
538	-24.8232788630997
25	-7.21959723882572
15	-7.56916080465389
465	23.619837558997
456	11.190200382021
564	-10.5315412361367
544	-21.2691205133874
134	-4.57673314846759
146	91.790649449582
231	5.62445182326917
454	8.6300584357676
472	47.1367618891387
514	10.9383200390277
542	-0.0631703786312992
164	-21.8978754477133
382	-11.061610919126
184	-16.2644804339997
540	21.8833848704423
419	-17.6788709766191
230	-9.56427642199438
99	8.16346393872447
844	-31.0812612337121
212	9.79087595934609
67	17.3538225935123
171	-31.7877682924848
3	-19.5254742038035
31	34.0483419750653
764	21.6571896808463
187	-57.5364190411159
795	-30.3805739198442
4	-4.49185155486958
81	-8.39715216305024
902	13.874595426661
205	40.1320702868188
89	5.39684419642528
901	-7.67390761582748
714	-13.8108397964568
190	18.9486580480789
854	155.798487490307
742	3.44611769976217
722	-20.7664790681364
796	-38.4160816181772
167	-10.948826864488
803	9.90080788010284
761	57.3561023281222
745	175.264219625764
798	-8.43735809703497
223	-26.6239448716682
712	17.1614586616193
838	-2.81265215163836
243	19.8423981645521
65	16.5135227761005
1223	5.65883545285619
739	-35.3681145991349
833	-16.5595559118298
845	-32.593809679533
752	-16.0031481505801
818	-7.78881228489399
206	-14.3047759788889
821	-22.7012716448677
13	11.8938619808801
97	-53.3512963391278
234	-8.47699328083207
744	-6.15111570877279
779	-4.7306044093282
254	9.37147320004018
864	-8.54486552081953
831	-21.8094256929434
704	-9.97913985358252
894	4.469641774381
176	-10.3591527678125
188	-5.13205860603193
708	-16.757067218487
904	5.89287035551718
732	-24.2971378529248
295	-3.10980484253398
266	-17.376150526182
299	-28.7130324113451
298	12.6594719961373
324	5.49521487736515
350	-21.1644680613041
1224	-18.4096636508914
345	-15.9049029227903
315	29.5807093508662
329	-29.6217845854226
775	-1.73346308946452
755	-0.907684819709011
244	-32.8052280296347
328	-9.49769664940523
332	0.744498911826207
1226	17.3966953670795
259	4.03758325269353
260	-21.3590329562545
264	-4.29575028684299
283	-3.86416693393855
313	-22.5337858407725
297	-20.4836213053707
1254	14.4082685204551
108	17.6628421487763
217	53.3525341023204
1292	30.0851408343803
39	25.8953313262063
729	33.5786870534735
753	-11.3185777067281
820	13.5904886218464
813	-1.52526475856989
807	-30.3314000775036
841	-45.7933206913416
720	70.3262236103643
754	18.9625343155116
774	-18.0947101891581
789	-24.7268388805289
731	-31.3668291849335
5	-32.0009285782169
719	6.87430862528894
811	-63.0901941862294
828	1.10882672459634
913	-20.2637473641847
918	-8.4067925285757
1004	16.41540404747
915	17.0486305038037
28	-3.33639976517916
1001	5.53250447647683
1017	-29.2072949043414
51	-26.4041345830274
1102	-17.6667045023104
1121	-51.9654907916956
948	-28.5425140156228
1033	20.3830851919281
1041	7.6015375213304
148	-2.26770956892656
57	-22.3968937928691
55	26.0426458271611
221	-4.03451531533354
45	-12.1867957588242
1080	-15.7403292952196
1044	42.750597614446
1230	32.7628263370812
958	-24.7890903000382
71	-25.1456417659826
36	-24.6787177108655
12	-15.1778144377026
929	-21.2808153549522
1109	-18.1654241401853
84	28.0543198354812
1115	-39.1118027382654
136	-11.0759707542099
139	0.169751108784324
952	-11.092124995643
1035	-8.33980476512224
1073	-46.842908907946
77	-9.40035654293943
1112	11.5059497526797
924	-28.1882894054592
931	2.60409218060958
1015	18.1542511652621
1067	16.8070567108116
695	-8.63060522572646
575	-17.3401520418625
182	19.5483511384492
186	-46.5536962324463
1051	-0.107889609588991
61	44.0016922496612
983	-14.9986106475164
60	-17.059803093551
1009	-15.3364391493178
1052	-10.4606682185046
1107	37.0858984665149
59	-16.5410110944609
1081	-35.5956713936509
959	-29.2898391575215
1088	-20.0112875716653
23	-45.939505552778
1048	20.9481360941784
48	9.87616405099462
1019	3.95111921365407
938	63.5111780498833
1068	-16.9790593669065
987	-2.96013531323641
251	-14.7676786419092
76	-3.33961691057624
69	-16.3648222979987
588	24.8521586807502
228	-11.6387043332143
82	1.61039690145899
950	-41.1673419823108
68	-2.43749517269362
30	0.0347628650705235
1104	-24.0755701023497
989	6.17806666253275
43	-3.06176770403641
690	-8.30718384854401
654	11.4413761068437
662	-12.7621126640219
700	0.533966193930117
685	8.85823089545187
698	17.2065735882214
675	-23.6855025887224
677	-29.8418816806761
673	-13.09827268815
616	-28.3824461253907
624	-29.8715106251992
602	-12.9466966155482
609	33.2065479436602
629	-11.6115121385504
1137	16.1911129873534
1184	-15.4305466125055
232	22.7477727006175
85	10.643471947189
237	-14.2718536753573
44	32.0311163047389
34	-57.3487645613211
1197	-5.87154458991199
49	-6.58221187970792
53	49.9876025906936
224	5.50265142515978
1187	-20.915034969199
1153	-32.2026928506459
590	1.53523454201116
1207	55.2770644931349
1232	-25.7557561935397
1175	-13.586344094361
1198	-2.47247569991134
16	-42.8710699885417
1133	-16.0992722034074
242	17.312099110121
1130	-27.5840985419011
1156	83.085557249679
198	-27.7323648801611
1132	-36.7652983432294
56	-50.5071586671387
1162	-31.3915161481757
1155	15.8862095355186
506	-23.1757935383976
565	-17.2037202934329
191	0.712021327120332
366	81.9691642901434
6	-18.3855440207595
74	-19.3330916281688
653	-1.56493500820473
826	2.8780680986708
476	4.19988929902507
907	-5.59035069804036
236	10.6563854521657
32	31.2002081182055
501	-20.4572117575713
380	-10.3661262224442
214	-2.27699943371655
858	5.36743554160842
797	8.47687214543684
546	36.9695019381714
610	0.892805040499188
285	14.4602684081033
787	-15.9149219706887
1025	-0.664809618556841
860	39.1431649614894
1145	23.4932361993822
770	7.76886706984374
93	-14.6300260715122
786	106.273535523279
75	17.2972730723704
1056	2.15370483892057
