PC	eigenvalue	proportion of total	cumulative proportion
0	530.76713	0.05489	0.05489
1	296.56612	0.03067	0.08556
2	247.65333	0.02561	0.11118
3	179.94556	0.01861	0.12979
4	156.51962	0.01619	0.14597
5	147.80529	0.01529	0.16126
6	123.39728	0.01276	0.17402
7	94.99224	0.00982	0.18384
8	90.23159	0.00933	0.19318
9	76.36346	0.0079	0.20107
10	70.45925	0.00729	0.20836
11	65.59132	0.00678	0.21514
12	63.0862	0.00652	0.22167
13	62.14154	0.00643	0.2281
14	59.91766	0.0062	0.23429
15	57.23196	0.00592	0.24021
16	54.61253	0.00565	0.24586
17	52.77178	0.00546	0.25132
18	50.38027	0.00521	0.25653
19	48.64398	0.00503	0.26156
20	48.14156	0.00498	0.26654
21	48.0022	0.00496	0.2715
22	45.08573	0.00466	0.27616
23	43.22723	0.00447	0.28063
24	42.82549	0.00443	0.28506
25	41.74509	0.00432	0.28938
26	40.67391	0.00421	0.29359
27	40.13322	0.00415	0.29774
28	38.16148	0.00395	0.30168
29	37.6823	0.0039	0.30558
30	36.26348	0.00375	0.30933
31	35.97583	0.00372	0.31305
32	35.67352	0.00369	0.31674
33	34.78748	0.0036	0.32034
34	34.59107	0.00358	0.32392
35	33.24483	0.00344	0.32736
36	32.81321	0.00339	0.33075
37	32.3731	0.00335	0.3341
38	32.28664	0.00334	0.33744
39	31.75442	0.00328	0.34072
40	31.09669	0.00322	0.34394
41	30.36211	0.00314	0.34708
42	29.77103	0.00308	0.35016
43	29.42674	0.00304	0.3532
44	29.18402	0.00302	0.35622
45	28.78602	0.00298	0.35919
46	28.72969	0.00297	0.36216
47	28.46529	0.00294	0.36511
48	27.80063	0.00288	0.36798
49	27.5514	0.00285	0.37083
50	26.66728	0.00276	0.37359
51	26.28181	0.00272	0.37631
52	26.35928	0.00273	0.37904
53	25.93188	0.00268	0.38172
54	25.43158	0.00263	0.38435
55	25.35444	0.00262	0.38697
56	24.99449	0.00258	0.38955
57	24.47227	0.00253	0.39209
58	24.34336	0.00252	0.3946
59	24.20394	0.0025	0.39711
60	23.82325	0.00246	0.39957
61	23.61212	0.00244	0.40201
62	23.41818	0.00242	0.40443
63	23.08146	0.00239	0.40682
64	22.89788	0.00237	0.40919
65	22.76916	0.00235	0.41154
66	22.59397	0.00234	0.41388
67	22.3562	0.00231	0.41619
68	22.19663	0.0023	0.41849
69	22.11736	0.00229	0.42078
70	21.74792	0.00225	0.42302
71	21.65057	0.00224	0.42526
72	21.55625	0.00223	0.42749
73	21.16057	0.00219	0.42968
74	21.03178	0.00218	0.43186
75	20.76956	0.00215	0.434
76	20.49088	0.00212	0.43612
77	20.33478	0.0021	0.43823
78	19.99898	0.00207	0.4403
79	19.85508	0.00205	0.44235
80	19.66433	0.00203	0.44438
81	19.552	0.00202	0.4464
82	19.47409	0.00201	0.44842
83	19.30472	0.002	0.45042
84	19.10987	0.00198	0.45239
85	18.92957	0.00196	0.45435
86	18.84716	0.00195	0.4563
87	18.68864	0.00193	0.45823
88	18.64779	0.00193	0.46016
89	18.59467	0.00192	0.46208
90	18.49322	0.00191	0.464
91	18.3146	0.00189	0.46589
92	18.06624	0.00187	0.46776
93	17.87858	0.00185	0.46961
94	17.83784	0.00184	0.47145
95	17.6956	0.00183	0.47328
96	17.51819	0.00181	0.47509
97	17.43876	0.0018	0.4769
98	17.1824	0.00178	0.47867
99	17.06441	0.00176	0.48044
100	16.82363	0.00174	0.48218
101	16.78733	0.00174	0.48391
102	16.72812	0.00173	0.48564
103	16.5725	0.00171	0.48736
104	16.53415	0.00171	0.48907
105	16.38904	0.00169	0.49076
106	16.24889	0.00168	0.49244
107	16.19404	0.00167	0.49412
108	16.09941	0.00167	0.49578
109	15.84113	0.00164	0.49742
110	15.8126	0.00164	0.49906
111	15.75604	0.00163	0.50069
112	15.71685	0.00163	0.50231
113	15.60475	0.00161	0.50393
114	15.50603	0.0016	0.50553
115	15.40711	0.00159	0.50712
116	15.26547	0.00158	0.5087
117	15.16054	0.00157	0.51027
118	15.00024	0.00155	0.51182
119	14.93559	0.00154	0.51337
120	14.91532	0.00154	0.51491
121	14.80185	0.00153	0.51644
122	14.75954	0.00153	0.51797
123	14.55354	0.00151	0.51947
124	14.49098	0.0015	0.52097
125	14.4234	0.00149	0.52246
126	14.33139	0.00148	0.52394
127	14.23793	0.00147	0.52542
128	14.16719	0.00147	0.52688
129	14.11133	0.00146	0.52834
130	13.9106	0.00144	0.52978
131	13.89722	0.00144	0.53122
132	13.73475	0.00142	0.53264
133	13.69775	0.00142	0.53405
134	13.54329	0.0014	0.53545
135	13.51377	0.0014	0.53685
136	13.46907	0.00139	0.53824
137	13.40505	0.00139	0.53963
138	13.34011	0.00138	0.54101
139	13.29703	0.00138	0.54239
140	13.18815	0.00136	0.54375
141	13.17477	0.00136	0.54511
142	13.06172	0.00135	0.54646
143	13.01782	0.00135	0.54781
144	12.98641	0.00134	0.54915
145	12.92998	0.00134	0.55049
146	12.8197	0.00133	0.55182
147	12.77418	0.00132	0.55314
148	12.67927	0.00131	0.55445
149	12.63362	0.00131	0.55575
150	12.58717	0.0013	0.55706
151	12.51429	0.00129	0.55835
152	12.43476	0.00129	0.55964
153	12.37614	0.00128	0.56092
154	12.34191	0.00128	0.56219
155	12.30289	0.00127	0.56347
156	12.23968	0.00127	0.56473
157	12.17592	0.00126	0.56599
158	12.08661	0.00125	0.56724
159	11.9868	0.00124	0.56848
160	11.96025	0.00124	0.56972
161	11.91357	0.00123	0.57095
162	11.9067	0.00123	0.57218
163	11.82129	0.00122	0.5734
164	11.72936	0.00121	0.57462
165	11.69057	0.00121	0.57583
166	11.61874	0.0012	0.57703
167	11.59794	0.0012	0.57823
168	11.52259	0.00119	0.57942
169	11.45045	0.00118	0.5806
170	11.37187	0.00118	0.58178
171	11.34523	0.00117	0.58295
172	11.32935	0.00117	0.58412
173	11.27491	0.00117	0.58529
174	11.20981	0.00116	0.58645
175	11.1813	0.00116	0.5876
176	11.12206	0.00115	0.58876
177	11.067	0.00114	0.5899
178	11.00651	0.00114	0.59104
179	10.96304	0.00113	0.59217
180	10.92323	0.00113	0.5933
181	10.90368	0.00113	0.59443
182	10.83212	0.00112	0.59555
183	10.77504	0.00111	0.59666
184	10.69703	0.00111	0.59777
185	10.68152	0.0011	0.59887
186	10.62776	0.0011	0.59997
187	10.55921	0.00109	0.60107
188	10.52441	0.00109	0.60215
189	10.46915	0.00108	0.60324
190	10.41947	0.00108	0.60431
191	10.3794	0.00107	0.60539
192	10.3674	0.00107	0.60646
193	10.34196	0.00107	0.60753
194	10.28661	0.00106	0.60859
195	10.24427	0.00106	0.60965
196	10.20321	0.00106	0.61071
197	10.16311	0.00105	0.61176
198	10.09407	0.00104	0.6128
199	10.07956	0.00104	0.61385
200	10.02543	0.00104	0.61488
201	9.97852	0.00103	0.61591
202	9.95171	0.00103	0.61694
203	9.932	0.00103	0.61797
204	9.8863	0.00102	0.61899
205	9.84127	0.00102	0.62001
206	9.77838	0.00101	0.62102
207	9.73261	0.00101	0.62203
208	9.71611	0.001	0.62303
209	9.66277	9.9933E-4	0.62403
210	9.6387	9.9684E-4	0.62503
211	9.62184	9.9509E-4	0.62603
212	9.58037	9.908E-4	0.62702
213	9.56364	9.8907E-4	0.62801
214	9.53166	9.8577E-4	0.62899
215	9.47884	9.803E-4	0.62997
216	9.46077	9.7843E-4	0.63095
217	9.43294	9.7556E-4	0.63193
218	9.41127	9.7332E-4	0.6329
219	9.37209	9.6926E-4	0.63387
220	9.30259	9.6208E-4	0.63483
221	9.26072	9.5775E-4	0.63579
222	9.22455	9.5401E-4	0.63674
223	9.18547	9.4996E-4	0.63769
224	9.1705	9.4842E-4	0.63864
225	9.14203	9.4547E-4	0.63959
226	9.08209	9.3927E-4	0.64052
227	9.05268	9.3623E-4	0.64146
228	9.01931	9.3278E-4	0.64239
229	8.98387	9.2911E-4	0.64332
230	8.94931	9.2554E-4	0.64425
231	8.93949	9.2452E-4	0.64517
232	8.89613	9.2004E-4	0.64609
233	8.87344	9.1769E-4	0.64701
234	8.85584	9.1587E-4	0.64793
235	8.82742	9.1293E-4	0.64884
236	8.81806	9.1197E-4	0.64975
237	8.77942	9.0797E-4	0.65066
238	8.75649	9.056E-4	0.65156
239	8.73819	9.0371E-4	0.65247
240	8.70795	9.0058E-4	0.65337
241	8.67778	8.9746E-4	0.65427
242	8.64293	8.9385E-4	0.65516
243	8.63149	8.9267E-4	0.65605
244	8.58207	8.8756E-4	0.65694
245	8.57818	8.8716E-4	0.65783
246	8.54976	8.8422E-4	0.65871
247	8.49776	8.7884E-4	0.65959
248	8.45979	8.7491E-4	0.66047
249	8.44071	8.7294E-4	0.66134
250	8.42863	8.7169E-4	0.66221
251	8.42195	8.71E-4	0.66308
252	8.3872	8.6741E-4	0.66395
253	8.32056	8.6051E-4	0.66481
254	8.31267	8.597E-4	0.66567
255	8.27571	8.5588E-4	0.66652
256	8.2656	8.5483E-4	0.66738
257	8.22649	8.5079E-4	0.66823
258	8.22205	8.5033E-4	0.66908
259	8.18597	8.466E-4	0.66993
260	3.4704E-26	3.5891E-30	0.66993
261	8.12954	8.4076E-4	0.67077
262	8.12147	8.3992E-4	0.67161
263	8.10314	8.3803E-4	0.67245
264	8.07378	8.3499E-4	0.67328
265	8.04856	8.3238E-4	0.67411
266	8.03232	8.307E-4	0.67494
267	8.01078	8.2848E-4	0.67577
268	7.99341	8.2668E-4	0.6766
269	7.95932	8.2316E-4	0.67742
270	7.94429	8.216E-4	0.67824
271	7.92954	8.2008E-4	0.67906
272	7.88977	8.1596E-4	0.67988
273	7.82417	8.0918E-4	0.68069
274	7.81755	8.0849E-4	0.6815
275	7.7859	8.0522E-4	0.6823
276	7.77187	8.0377E-4	0.68311
277	7.75971	8.0251E-4	0.68391
278	7.74205	8.0069E-4	0.68471
279	7.72677	7.991E-4	0.68551
280	7.70351	7.967E-4	0.68631
281	7.67625	7.9388E-4	0.6871
282	7.64661	7.9081E-4	0.68789
283	7.63803	7.8993E-4	0.68868
284	7.62649	7.8873E-4	0.68947
285	7.61194	7.8723E-4	0.69026
286	7.58235	7.8417E-4	0.69104
287	7.55953	7.8181E-4	0.69182
288	7.53889	7.7967E-4	0.6926
289	7.52858	7.7861E-4	0.69338
290	7.50688	7.7636E-4	0.69416
291	7.47257	7.7282E-4	0.69493
292	7.45599	7.711E-4	0.6957
293	7.44481	7.6994E-4	0.69647
294	7.43676	7.6911E-4	0.69724
295	0.80789	8.3552E-5	0.69732
296	7.38455	7.6371E-4	0.69809
297	7.36781	7.6198E-4	0.69885
298	7.34945	7.6008E-4	0.69961
299	7.34536	7.5966E-4	0.70037
300	7.31091	7.561E-4	0.70113
301	7.29612	7.5457E-4	0.70188
302	7.28011	7.5291E-4	0.70263
303	7.26012	7.5084E-4	0.70338
304	7.24298	7.4907E-4	0.70413
305	7.20373	7.4501E-4	0.70488
306	7.1944	7.4405E-4	0.70562
307	7.17036	7.4156E-4	0.70636
308	7.16489	7.41E-4	0.7071
309	7.15419	7.3989E-4	0.70784
310	0.9533	9.859E-5	0.70794
311	7.12149	7.3651E-4	0.70868
312	7.11075	7.354E-4	0.70941
313	7.09587	7.3386E-4	0.71015
314	7.08381	7.3261E-4	0.71088
315	7.07318	7.3151E-4	0.71161
316	0.98288	1.0165E-4	0.71171
317	7.04857	7.2897E-4	0.71244
318	7.03306	7.2736E-4	0.71317
319	7.02438	7.2646E-4	0.7139
320	7.00259	7.2421E-4	0.71462
321	6.99319	7.2324E-4	0.71534
322	1.02169	1.0566E-4	0.71545
323	6.96453	7.2027E-4	0.71617
324	6.94385	7.1813E-4	0.71689
325	6.93257	7.1697E-4	0.71761
326	1.05391	1.09E-4	0.71771
327	1.06333	1.0997E-4	0.71782
328	6.91056	7.1469E-4	0.71854
329	6.9026	7.1387E-4	0.71925
330	6.88547	7.121E-4	0.71997
331	6.87231	7.1074E-4	0.72068
332	6.86662	7.1015E-4	0.72139
333	6.85435	7.0888E-4	0.72209
334	6.83682	7.0707E-4	0.7228
335	6.82131	7.0546E-4	0.72351
336	6.80858	7.0415E-4	0.72421
337	6.79622	7.0287E-4	0.72491
338	1.1138	1.1519E-4	0.72503
339	6.77038	7.0019E-4	0.72573
340	6.75092	6.9818E-4	0.72643
341	6.74749	6.9783E-4	0.72713
342	1.12855	1.1671E-4	0.72724
343	6.72807	6.9582E-4	0.72794
344	1.13994	1.1789E-4	0.72806
345	6.70588	6.9352E-4	0.72875
346	6.69694	6.926E-4	0.72944
347	1.15642	1.196E-4	0.72956
348	6.66559	6.8936E-4	0.73025
349	6.66261	6.8905E-4	0.73094
350	6.64858	6.876E-4	0.73163
351	6.64001	6.8671E-4	0.73231
352	1.1814	1.2218E-4	0.73244
353	6.6143	6.8405E-4	0.73312
354	6.60658	6.8325E-4	0.7338
355	1.1911	1.2318E-4	0.73393
356	6.58383	6.809E-4	0.73461
357	1.2022	1.2433E-4	0.73473
358	1.21119	1.2526E-4	0.73486
359	1.21308	1.2546E-4	0.73498
360	1.21544	1.257E-4	0.73511
361	6.56271	6.7872E-4	0.73579
362	6.55351	6.7777E-4	0.73647
363	6.54435	6.7682E-4	0.73714
364	1.22838	1.2704E-4	0.73727
365	6.5202	6.7432E-4	0.73794
366	6.50712	6.7297E-4	0.73862
367	1.24028	1.2827E-4	0.73874
368	6.49016	6.7121E-4	0.73942
369	6.4877	6.7096E-4	0.74009
370	1.25344	1.2963E-4	0.74022
371	1.25781	1.3008E-4	0.74035
372	6.46236	6.6834E-4	0.74102
373	6.45331	6.674E-4	0.74168
374	6.44282	6.6632E-4	0.74235
375	6.43854	6.6588E-4	0.74301
376	1.27608	1.3197E-4	0.74315
377	1.28269	1.3266E-4	0.74328
378	6.41764	6.6371E-4	0.74394
379	1.28852	1.3326E-4	0.74408
380	6.40577	6.6249E-4	0.74474
381	1.29841	1.3428E-4	0.74487
382	1.29946	1.3439E-4	0.74501
383	1.30729	1.352E-4	0.74514
384	1.31484	1.3598E-4	0.74528
385	6.3854	6.6038E-4	0.74594
386	6.38027	6.5985E-4	0.7466
387	1.32433	1.3696E-4	0.74674
388	1.33025	1.3757E-4	0.74687
389	6.36266	6.5803E-4	0.74753
390	6.34923	6.5664E-4	0.74819
391	6.3378	6.5546E-4	0.74884
392	1.34211	1.388E-4	0.74898
393	1.34885	1.395E-4	0.74912
394	1.35324	1.3995E-4	0.74926
395	1.3607	1.4072E-4	0.7494
396	1.36144	1.408E-4	0.74954
397	1.36691	1.4137E-4	0.74968
398	1.37589	1.423E-4	0.74983
399	1.38263	1.4299E-4	0.74997
400	6.31063	6.5265E-4	0.75062
401	6.30552	6.5212E-4	0.75127
402	6.29532	6.5106E-4	0.75193
403	1.3978	1.4456E-4	0.75207
404	1.40548	1.4536E-4	0.75222
405	1.41239	1.4607E-4	0.75236
406	1.41852	1.467E-4	0.75251
407	1.4228	1.4715E-4	0.75266
408	1.42457	1.4733E-4	0.7528
409	6.2712	6.4857E-4	0.75345
410	6.26189	6.4761E-4	0.7541
411	1.43914	1.4884E-4	0.75425
412	1.44516	1.4946E-4	0.7544
413	6.24944	6.4632E-4	0.75504
414	6.24062	6.4541E-4	0.75569
415	6.22999	6.4431E-4	0.75633
416	1.45433	1.5041E-4	0.75648
417	1.46424	1.5143E-4	0.75664
418	6.21328	6.4258E-4	0.75728
419	6.20677	6.4191E-4	0.75792
420	1.47949	1.5301E-4	0.75807
421	1.48337	1.5341E-4	0.75823
422	1.49112	1.5421E-4	0.75838
423	6.18296	6.3944E-4	0.75902
424	6.17724	6.3885E-4	0.75966
425	1.50101	1.5524E-4	0.75981
426	6.16246	6.3732E-4	0.76045
427	6.15401	6.3645E-4	0.76109
428	6.13791	6.3478E-4	0.76172
429	1.50939	1.561E-4	0.76188
430	1.50971	1.5613E-4	0.76203
431	1.52103	1.5731E-4	0.76219
432	1.52998	1.5823E-4	0.76235
433	1.54059	1.5933E-4	0.76251
434	1.5486	1.6016E-4	0.76267
435	1.54103	1.5937E-4	0.76283
436	1.55508	1.6083E-4	0.76299
437	1.56162	1.615E-4	0.76315
438	6.11034	6.3193E-4	0.76378
439	1.57266	1.6265E-4	0.76395
440	1.58146	1.6355E-4	0.76411
441	6.09104	6.2994E-4	0.76474
442	6.08799	6.2962E-4	0.76537
443	1.59512	1.6497E-4	0.76553
444	1.60718	1.6622E-4	0.7657
445	6.07417	6.2819E-4	0.76633
446	6.06703	6.2745E-4	0.76696
447	6.05912	6.2664E-4	0.76758
448	6.05395	6.261E-4	0.76821
449	1.61763	1.673E-4	0.76838
450	1.62262	1.6781E-4	0.76854
451	6.038	6.2445E-4	0.76917
452	6.03046	6.2367E-4	0.76979
453	6.01282	6.2185E-4	0.77041
454	6.00803	6.2135E-4	0.77104
455	1.63686	1.6928E-4	0.7712
456	1.64042	1.6965E-4	0.77137
457	1.65078	1.7072E-4	0.77154
458	1.6616	1.7184E-4	0.77172
459	1.67169	1.7289E-4	0.77189
460	5.98416	6.1888E-4	0.77251
461	1.68207	1.7396E-4	0.77268
462	1.68779	1.7455E-4	0.77286
463	5.96961	6.1738E-4	0.77347
464	5.96717	6.1713E-4	0.77409
465	5.94764	6.1511E-4	0.77471
466	5.95072	6.1543E-4	0.77532
467	5.93649	6.1395E-4	0.77594
468	5.93551	6.1385E-4	0.77655
469	5.92934	6.1321E-4	0.77716
470	1.69868	1.7568E-4	0.77734
471	1.70801	1.7664E-4	0.77752
472	5.91679	6.1192E-4	0.77813
473	5.8993	6.1011E-4	0.77874
474	1.73198	1.7912E-4	0.77892
475	1.73842	1.7979E-4	0.7791
476	1.74085	1.8004E-4	0.77928
477	5.88588	6.0872E-4	0.77988
478	5.87334	6.0742E-4	0.78049
479	5.8756	6.0766E-4	0.7811
480	1.75529	1.8153E-4	0.78128
481	1.7681	1.8286E-4	0.78146
482	5.84441	6.0443E-4	0.78207
483	5.83593	6.0355E-4	0.78267
484	5.82856	6.0279E-4	0.78328
485	1.78095	1.8419E-4	0.78346
486	5.81334	6.0122E-4	0.78406
487	5.80979	6.0085E-4	0.78466
488	5.7908	5.9889E-4	0.78526
489	1.8042	1.8659E-4	0.78545
490	5.77922	5.9769E-4	0.78604
491	5.77494	5.9725E-4	0.78664
492	5.76498	5.9622E-4	0.78724
493	5.75641	5.9533E-4	0.78783
494	1.82187	1.8842E-4	0.78802
495	1.82734	1.8898E-4	0.78821
496	1.83002	1.8926E-4	0.7884
497	5.73926	5.9356E-4	0.78899
498	5.72868	5.9246E-4	0.78959
499	5.72451	5.9203E-4	0.79018
500	5.70635	5.9015E-4	0.79077
501	1.85707	1.9206E-4	0.79096
502	1.86844	1.9323E-4	0.79115
503	5.69127	5.8859E-4	0.79174
504	5.6794	5.8736E-4	0.79233
505	5.66977	5.8637E-4	0.79292
506	5.66565	5.8594E-4	0.7935
507	1.89045	1.9551E-4	0.7937
508	1.89846	1.9634E-4	0.79389
509	5.65581	5.8493E-4	0.79448
510	5.64867	5.8419E-4	0.79506
511	5.63413	5.8268E-4	0.79565
512	5.62536	5.8178E-4	0.79623
513	1.90935	1.9747E-4	0.79642
514	5.61027	5.8022E-4	0.797
515	1.92965	1.9956E-4	0.7972
516	5.60046	5.792E-4	0.79778
517	5.59299	5.7843E-4	0.79836
518	5.58046	5.7713E-4	0.79894
519	5.57573	5.7664E-4	0.79952
520	5.57251	5.7631E-4	0.80009
521	1.93971	2.0061E-4	0.80029
522	5.55352	5.7435E-4	0.80087
523	1.95301	2.0198E-4	0.80107
524	5.53934	5.7288E-4	0.80164
525	5.53277	5.722E-4	0.80221
526	5.52062	5.7094E-4	0.80279
527	1.96569	2.0329E-4	0.80299
528	5.50784	5.6962E-4	0.80356
529	5.50019	5.6883E-4	0.80413
530	5.49409	5.682E-4	0.8047
531	5.48019	5.6676E-4	0.80526
532	1.98421	2.0521E-4	0.80547
533	5.4725	5.6597E-4	0.80603
534	5.46011	5.6469E-4	0.8066
535	5.45639	5.643E-4	0.80716
536	5.44867	5.635E-4	0.80773
537	5.4339	5.6198E-4	0.80829
538	5.42467	5.6102E-4	0.80885
539	5.41593	5.6012E-4	0.80941
540	1.99921	2.0676E-4	0.80962
541	5.40421	5.5891E-4	0.81017
542	5.39138	5.5758E-4	0.81073
543	5.37857	5.5625E-4	0.81129
544	2.01819	2.0872E-4	0.8115
545	2.02355	2.0928E-4	0.81171
546	5.36419	5.5477E-4	0.81226
547	5.3528	5.5359E-4	0.81281
548	5.34824	5.5312E-4	0.81337
549	5.33462	5.5171E-4	0.81392
550	2.04277	2.1126E-4	0.81413
551	5.31712	5.499E-4	0.81468
552	2.04927	2.1194E-4	0.81489
553	2.05817	2.1286E-4	0.81511
554	2.05978	2.1302E-4	0.81532
555	5.30756	5.4891E-4	0.81587
556	5.30382	5.4852E-4	0.81642
557	5.30034	5.4816E-4	0.81696
558	5.29344	5.4745E-4	0.81751
559	2.06957	2.1404E-4	0.81773
560	2.07395	2.1449E-4	0.81794
561	2.07909	2.1502E-4	0.81815
562	5.27789	5.4584E-4	0.8187
563	5.26369	5.4437E-4	0.81925
564	5.26167	5.4416E-4	0.81979
565	5.25587	5.4356E-4	0.82033
566	5.25182	5.4314E-4	0.82088
567	2.0868	2.1582E-4	0.82109
568	2.0889	2.1603E-4	0.82131
569	2.09662	2.1683E-4	0.82152
570	2.09963	2.1714E-4	0.82174
571	5.23937	5.4186E-4	0.82228
572	5.23245	5.4114E-4	0.82282
573	5.22058	5.3991E-4	0.82336
574	5.20754	5.3857E-4	0.8239
575	5.20706	5.3852E-4	0.82444
576	2.11263	2.1849E-4	0.82466
577	2.1183	2.1907E-4	0.82488
578	2.12163	2.1942E-4	0.8251
579	5.1875	5.3649E-4	0.82564
580	5.18019	5.3574E-4	0.82617
581	5.17344	5.3504E-4	0.82671
582	2.13354	2.2065E-4	0.82693
583	2.13538	2.2084E-4	0.82715
584	2.14623	2.2196E-4	0.82737
585	2.1493	2.2228E-4	0.82759
586	5.15804	5.3345E-4	0.82813
587	5.15548	5.3318E-4	0.82866
588	5.14823	5.3243E-4	0.82919
589	5.13694	5.3126E-4	0.82972
590	2.1668	2.2409E-4	0.82995
591	5.12341	5.2986E-4	0.83048
592	5.1176	5.2926E-4	0.83101
593	5.11197	5.2868E-4	0.83153
594	5.1077	5.2824E-4	0.83206
595	5.0966	5.2709E-4	0.83259
596	5.08385	5.2577E-4	0.83312
597	5.08004	5.2538E-4	0.83364
598	5.07319	5.2467E-4	0.83417
599	5.06496	5.2382E-4	0.83469
600	2.17891	2.2534E-4	0.83491
601	5.04831	5.221E-4	0.83544
602	5.04053	5.2129E-4	0.83596
603	5.03816	5.2105E-4	0.83648
604	5.02759	5.1996E-4	0.837
605	2.1874	2.2622E-4	0.83722
606	2.19045	2.2654E-4	0.83745
607	2.19574	2.2708E-4	0.83768
608	2.20373	2.2791E-4	0.83791
609	5.01243	5.1839E-4	0.83842
610	5.0073	5.1786E-4	0.83894
611	4.9978	5.1687E-4	0.83946
612	2.21716	2.293E-4	0.83969
613	4.98475	5.1552E-4	0.8402
614	4.97256	5.1426E-4	0.84072
615	4.96852	5.1385E-4	0.84123
616	4.96558	5.1354E-4	0.84175
617	2.22604	2.3022E-4	0.84198
618	4.95444	5.1239E-4	0.84249
619	4.94753	5.1167E-4	0.843
620	4.94869	5.1179E-4	0.84351
621	4.93231	5.101E-4	0.84402
622	4.92676	5.0953E-4	0.84453
623	4.92028	5.0886E-4	0.84504
624	2.23686	2.3134E-4	0.84527
625	2.2376	2.3141E-4	0.8455
626	2.24786	2.3247E-4	0.84574
627	2.24486	2.3216E-4	0.84597
628	4.89986	5.0674E-4	0.84647
629	4.89803	5.0656E-4	0.84698
630	4.89336	5.0607E-4	0.84749
631	2.26029	2.3376E-4	0.84772
632	2.26756	2.3451E-4	0.84796
633	4.87695	5.0438E-4	0.84846
634	4.87237	5.039E-4	0.84896
635	2.27337	2.3511E-4	0.8492
636	4.86057	5.0268E-4	0.8497
637	2.28249	2.3606E-4	0.84994
638	4.85153	5.0175E-4	0.85044
639	4.84434	5.01E-4	0.85094
640	4.84192	5.0075E-4	0.85144
641	4.83074	4.996E-4	0.85194
642	4.82489	4.9899E-4	0.85244
643	4.81307	4.9777E-4	0.85294
644	4.80806	4.9725E-4	0.85343
645	4.80074	4.9649E-4	0.85393
646	4.79861	4.9627E-4	0.85443
647	4.78756	4.9513E-4	0.85492
648	4.78075	4.9443E-4	0.85542
649	4.77466	4.938E-4	0.85591
650	4.76407	4.927E-4	0.8564
651	4.76029	4.9231E-4	0.8569
652	2.30272	2.3815E-4	0.85713
653	2.30643	2.3853E-4	0.85737
654	2.30973	2.3887E-4	0.85761
655	2.31592	2.3951E-4	0.85785
656	4.73858	4.9007E-4	0.85834
657	2.32172	2.4011E-4	0.85858
658	2.32626	2.4058E-4	0.85882
659	2.33098	2.4107E-4	0.85906
660	2.33436	2.4142E-4	0.8593
661	2.34316	2.4233E-4	0.85955
662	2.34716	2.4274E-4	0.85979
663	4.72837	4.8901E-4	0.86028
664	4.71888	4.8803E-4	0.86077
665	4.71218	4.8733E-4	0.86125
666	4.70689	4.8679E-4	0.86174
667	4.7052	4.8661E-4	0.86223
668	4.69369	4.8542E-4	0.86271
669	4.68779	4.8481E-4	0.8632
670	4.68158	4.8417E-4	0.86368
671	4.6765	4.8365E-4	0.86417
672	2.36004	2.4408E-4	0.86441
673	2.36498	2.4459E-4	0.86465
674	4.65855	4.8179E-4	0.86514
675	4.65343	4.8126E-4	0.86562
676	4.64634	4.8053E-4	0.8661
677	2.37388	2.4551E-4	0.86634
678	2.37796	2.4593E-4	0.86659
679	2.38032	2.4617E-4	0.86684
680	4.63465	4.7932E-4	0.86731
681	4.63021	4.7886E-4	0.86779
682	4.62001	4.778E-4	0.86827
683	4.6185	4.7765E-4	0.86875
684	4.61126	4.769E-4	0.86923
685	4.59985	4.7572E-4	0.8697
686	4.59473	4.7519E-4	0.87018
687	4.58961	4.7466E-4	0.87065
688	4.58667	4.7435E-4	0.87113
689	2.38853	2.4702E-4	0.87137
690	2.39332	2.4752E-4	0.87162
691	2.39679	2.4788E-4	0.87187
692	2.40051	2.4826E-4	0.87212
693	2.40778	2.4901E-4	0.87237
694	2.41053	2.493E-4	0.87261
695	4.56792	4.7242E-4	0.87309
696	2.41923	2.502E-4	0.87334
697	4.55939	4.7153E-4	0.87381
698	4.55219	4.7079E-4	0.87428
699	4.54889	4.7045E-4	0.87475
700	4.54538	4.7008E-4	0.87522
701	2.42564	2.5086E-4	0.87547
702	2.42879	2.5119E-4	0.87572
703	2.43253	2.5157E-4	0.87597
704	2.43866	2.5221E-4	0.87623
705	2.4413	2.5248E-4	0.87648
706	2.44915	2.5329E-4	0.87673
707	4.53148	4.6865E-4	0.8772
708	4.52301	4.6777E-4	0.87767
709	4.51789	4.6724E-4	0.87814
710	4.51253	4.6669E-4	0.8786
711	4.50851	4.6627E-4	0.87907
712	4.49999	4.6539E-4	0.87953
713	2.45649	2.5405E-4	0.87979
714	2.46211	2.5463E-4	0.88004
715	2.46546	2.5498E-4	0.8803
716	2.46963	2.5541E-4	0.88055
717	4.4891	4.6426E-4	0.88102
718	2.47956	2.5644E-4	0.88127
719	2.48018	2.565E-4	0.88153
720	2.48674	2.5718E-4	0.88179
721	2.49278	2.578E-4	0.88204
722	2.49921	2.5847E-4	0.8823
723	2.49818	2.5836E-4	0.88256
724	4.4801	4.6333E-4	0.88303
725	4.47281	4.6258E-4	0.88349
726	4.46702	4.6198E-4	0.88395
727	4.46303	4.6157E-4	0.88441
728	2.50509	2.5908E-4	0.88467
729	2.51432	2.6003E-4	0.88493
730	4.45463	4.607E-4	0.88539
731	4.45399	4.6063E-4	0.88585
732	4.44254	4.5945E-4	0.88631
733	4.43426	4.5859E-4	0.88677
734	2.5235	2.6098E-4	0.88703
735	2.52521	2.6116E-4	0.88729
736	2.53253	2.6191E-4	0.88755
737	2.53878	2.6256E-4	0.88782
738	2.54501	2.6321E-4	0.88808
739	2.5475	2.6346E-4	0.88834
740	4.42197	4.5732E-4	0.8888
741	4.41436	4.5653E-4	0.88926
742	4.4061	4.5568E-4	0.88971
743	4.40745	4.5582E-4	0.89017
744	4.39747	4.5479E-4	0.89062
745	4.39182	4.542E-4	0.89108
746	4.38711	4.5372E-4	0.89153
747	4.38265	4.5326E-4	0.89198
748	2.5563	2.6437E-4	0.89225
749	2.5626	2.6502E-4	0.89251
750	2.56628	2.6541E-4	0.89278
751	4.36415	4.5134E-4	0.89323
752	4.35557	4.5045E-4	0.89368
753	2.57529	2.6634E-4	0.89395
754	4.34812	4.4968E-4	0.8944
755	4.34188	4.4904E-4	0.89485
756	4.33686	4.4852E-4	0.89529
757	2.58146	2.6698E-4	0.89556
758	2.58525	2.6737E-4	0.89583
759	2.58942	2.678E-4	0.8961
760	2.59473	2.6835E-4	0.89636
761	2.6002	2.6891E-4	0.89663
762	2.60174	2.6907E-4	0.8969
763	2.60958	2.6988E-4	0.89717
764	2.60417	2.6932E-4	0.89744
765	4.32661	4.4746E-4	0.89789
766	2.61907	2.7086E-4	0.89816
767	2.62717	2.717E-4	0.89843
768	4.31585	4.4635E-4	0.89888
769	4.31017	4.4576E-4	0.89932
770	4.30574	4.453E-4	0.89977
771	4.30165	4.4488E-4	0.90021
772	4.29495	4.4418E-4	0.90066
773	4.29006	4.4368E-4	0.9011
774	4.28392	4.4304E-4	0.90155
775	4.27628	4.4225E-4	0.90199
776	4.2709	4.417E-4	0.90243
777	4.26582	4.4117E-4	0.90287
778	4.26198	4.4078E-4	0.90331
779	2.6362	2.7264E-4	0.90358
780	2.64306	2.7335E-4	0.90386
781	2.64721	2.7378E-4	0.90413
782	2.64858	2.7392E-4	0.9044
783	2.65155	2.7422E-4	0.90468
784	2.6564	2.7473E-4	0.90495
785	2.66252	2.7536E-4	0.90523
786	4.24937	4.3947E-4	0.90567
787	4.23317	4.378E-4	0.90611
788	4.22883	4.3735E-4	0.90654
789	4.23625	4.3811E-4	0.90698
790	2.67103	2.7624E-4	0.90726
791	2.67447	2.7659E-4	0.90753
792	2.67887	2.7705E-4	0.90781
793	2.68789	2.7798E-4	0.90809
794	2.69153	2.7836E-4	0.90837
795	2.69396	2.7861E-4	0.90865
796	4.21582	4.36E-4	0.90908
797	4.20887	4.3528E-4	0.90952
798	4.20149	4.3452E-4	0.90995
799	4.20055	4.3442E-4	0.91039
800	4.18945	4.3327E-4	0.91082
801	4.18902	4.3323E-4	0.91125
802	4.18148	4.3245E-4	0.91169
803	2.7004	2.7928E-4	0.91197
804	2.70879	2.8014E-4	0.91225
805	2.71396	2.8068E-4	0.91253
806	2.71443	2.8073E-4	0.91281
807	2.71715	2.8101E-4	0.91309
808	2.72299	2.8161E-4	0.91337
809	2.72613	2.8194E-4	0.91365
810	4.17023	4.3129E-4	0.91408
811	4.16293	4.3053E-4	0.91451
812	4.15811	4.3003E-4	0.91494
813	4.14816	4.29E-4	0.91537
814	4.14532	4.2871E-4	0.9158
815	2.73798	2.8316E-4	0.91608
816	2.74089	2.8346E-4	0.91637
817	2.74627	2.8402E-4	0.91665
818	2.75317	2.8473E-4	0.91694
819	2.75633	2.8506E-4	0.91722
820	2.76262	2.8571E-4	0.91751
821	2.76815	2.8628E-4	0.91779
822	2.77213	2.8669E-4	0.91808
823	2.77591	2.8709E-4	0.91837
824	2.78157	2.8767E-4	0.91865
825	2.78114	2.8763E-4	0.91894
826	2.78871	2.8841E-4	0.91923
827	2.79368	2.8892E-4	0.91952
828	4.13486	4.2763E-4	0.91995
829	4.13286	4.2742E-4	0.92037
830	4.11979	4.2607E-4	0.9208
831	4.12019	4.2611E-4	0.92123
832	2.80125	2.8971E-4	0.92152
833	2.80913	2.9052E-4	0.92181
834	2.8166	2.9129E-4	0.9221
835	2.81918	2.9156E-4	0.92239
836	2.82498	2.9216E-4	0.92268
837	2.82694	2.9236E-4	0.92297
838	2.83236	2.9292E-4	0.92327
839	2.83647	2.9335E-4	0.92356
840	2.84619	2.9435E-4	0.92386
841	2.84778	2.9452E-4	0.92415
842	2.85319	2.9508E-4	0.92444
843	2.85994	2.9578E-4	0.92474
844	2.86384	2.9618E-4	0.92504
845	4.10442	4.2448E-4	0.92546
846	4.10441	4.2448E-4	0.92589
847	4.08897	4.2288E-4	0.92631
848	4.08617	4.2259E-4	0.92673
849	2.87527	2.9736E-4	0.92703
850	2.87766	2.9761E-4	0.92733
851	2.88618	2.9849E-4	0.92762
852	2.89031	2.9892E-4	0.92792
853	2.89253	2.9915E-4	0.92822
854	2.89524	2.9943E-4	0.92852
855	4.07361	4.2129E-4	0.92894
856	4.06848	4.2076E-4	0.92936
857	4.06211	4.201E-4	0.92978
858	4.05887	4.1977E-4	0.9302
859	4.05329	4.1919E-4	0.93062
860	4.04918	4.1877E-4	0.93104
861	4.04246	4.1807E-4	0.93146
862	4.03159	4.1695E-4	0.93188
863	4.02615	4.1639E-4	0.93229
864	4.02174	4.1593E-4	0.93271
865	4.01444	4.1517E-4	0.93312
866	4.01055	4.1477E-4	0.93354
867	4.0061	4.1431E-4	0.93395
868	2.90996	3.0095E-4	0.93425
869	2.9157	3.0154E-4	0.93456
870	2.91713	3.0169E-4	0.93486
871	2.92496	3.025E-4	0.93516
872	2.92939	3.0296E-4	0.93546
873	2.93206	3.0323E-4	0.93577
874	2.93727	3.0377E-4	0.93607
875	2.94118	3.0418E-4	0.93637
876	3.99297	4.1295E-4	0.93679
877	3.98821	4.1246E-4	0.9372
878	3.98407	4.1203E-4	0.93761
879	3.97774	4.1138E-4	0.93802
880	2.94976	3.0506E-4	0.93833
881	2.95523	3.0563E-4	0.93863
882	2.96048	3.0617E-4	0.93894
883	3.96844	4.1042E-4	0.93935
884	3.96189	4.0974E-4	0.93976
885	3.95739	4.0927E-4	0.94017
886	3.94985	4.0849E-4	0.94058
887	3.94474	4.0797E-4	0.94099
888	3.93749	4.0722E-4	0.94139
889	3.93026	4.0647E-4	0.9418
890	3.92638	4.0607E-4	0.94221
891	2.97025	3.0718E-4	0.94251
892	2.97447	3.0762E-4	0.94282
893	3.91094	4.0447E-4	0.94323
894	3.90685	4.0405E-4	0.94363
895	3.90193	4.0354E-4	0.94403
896	3.89581	4.0291E-4	0.94444
897	3.88976	4.0228E-4	0.94484
898	3.89169	4.0248E-4	0.94524
899	3.87922	4.0119E-4	0.94564
900	3.87625	4.0088E-4	0.94604
901	2.98108	3.083E-4	0.94635
902	2.98707	3.0892E-4	0.94666
903	2.99096	3.0933E-4	0.94697
904	2.99478	3.0972E-4	0.94728
905	3.00338	3.1061E-4	0.94759
906	3.0107	3.1137E-4	0.9479
907	3.01105	3.114E-4	0.94821
908	3.01461	3.1177E-4	0.94852
909	3.86393	3.9961E-4	0.94892
910	3.85577	3.9876E-4	0.94932
911	3.0255	3.129E-4	0.94964
912	3.03056	3.1342E-4	0.94995
913	3.03289	3.1366E-4	0.95026
914	3.84728	3.9789E-4	0.95066
915	3.84407	3.9755E-4	0.95106
916	3.04261	3.1467E-4	0.95137
917	3.04937	3.1537E-4	0.95169
918	3.05501	3.1595E-4	0.952
919	3.05965	3.1643E-4	0.95232
920	3.06179	3.1665E-4	0.95264
921	3.06603	3.1709E-4	0.95295
922	3.83258	3.9637E-4	0.95335
923	3.82513	3.956E-4	0.95375
924	3.82081	3.9515E-4	0.95414
925	3.81466	3.9451E-4	0.95454
926	3.81198	3.9424E-4	0.95493
927	3.07454	3.1797E-4	0.95525
928	3.08022	3.1856E-4	0.95557
929	3.084	3.1895E-4	0.95589
930	3.08906	3.1947E-4	0.9562
931	3.0922	3.198E-4	0.95652
932	3.10562	3.2118E-4	0.95685
933	3.10774	3.214E-4	0.95717
934	3.11378	3.2203E-4	0.95749
935	3.11644	3.223E-4	0.95781
936	3.12006	3.2268E-4	0.95813
937	3.12666	3.2336E-4	0.95846
938	3.13066	3.2377E-4	0.95878
939	3.13641	3.2437E-4	0.95911
940	3.80127	3.9313E-4	0.9595
941	3.8	3.93E-4	0.95989
942	3.7925	3.9222E-4	0.96028
943	3.78628	3.9158E-4	0.96068
944	3.7812	3.9105E-4	0.96107
945	3.77802	3.9072E-4	0.96146
946	3.77116	3.9001E-4	0.96185
947	3.7644	3.8932E-4	0.96224
948	3.76311	3.8918E-4	0.96263
949	3.75329	3.8817E-4	0.96301
950	3.74797	3.8762E-4	0.9634
951	3.745	3.8731E-4	0.96379
952	3.74199	3.87E-4	0.96418
953	3.73167	3.8593E-4	0.96456
954	3.72312	3.8505E-4	0.96495
955	3.72094	3.8482E-4	0.96533
956	3.71612	3.8432E-4	0.96572
957	3.14696	3.2546E-4	0.96604
958	3.15171	3.2595E-4	0.96637
959	3.1568	3.2648E-4	0.96669
960	3.16203	3.2702E-4	0.96702
961	3.16332	3.2715E-4	0.96735
962	3.17033	3.2788E-4	0.96768
963	3.17375	3.2823E-4	0.968
964	3.18729	3.2963E-4	0.96833
965	3.18278	3.2916E-4	0.96866
966	3.18345	3.2923E-4	0.96899
967	3.19718	3.3065E-4	0.96932
968	3.20142	3.3109E-4	0.96965
969	3.20546	3.3151E-4	0.96999
970	3.20853	3.3183E-4	0.97032
971	3.2156	3.3256E-4	0.97065
972	3.22243	3.3326E-4	0.97098
973	3.22556	3.3359E-4	0.97132
974	3.22638	3.3367E-4	0.97165
975	3.24038	3.3512E-4	0.97199
976	3.24298	3.3539E-4	0.97232
977	3.25154	3.3627E-4	0.97266
978	3.25563	3.367E-4	0.97299
979	3.26092	3.3725E-4	0.97333
980	3.27124	3.3831E-4	0.97367
981	3.27557	3.3876E-4	0.97401
982	3.27655	3.3886E-4	0.97435
983	3.28255	3.3948E-4	0.97469
984	3.28467	3.397E-4	0.97503
985	3.29387	3.4065E-4	0.97537
986	3.29942	3.4123E-4	0.97571
987	3.30575	3.4188E-4	0.97605
988	3.31174	3.425E-4	0.97639
989	3.70321	3.8299E-4	0.97678
990	3.69661	3.823E-4	0.97716
991	3.69347	3.8198E-4	0.97754
992	3.3201	3.4337E-4	0.97788
993	3.32577	3.4395E-4	0.97823
994	3.68307	3.809E-4	0.97861
995	3.67939	3.8052E-4	0.97899
996	3.67315	3.7988E-4	0.97937
997	3.66734	3.7928E-4	0.97975
998	3.66083	3.786E-4	0.98013
999	3.65509	3.7801E-4	0.9805
1000	3.64955	3.7744E-4	0.98088
1001	3.64445	3.7691E-4	0.98126
1002	3.63851	3.763E-4	0.98163
1003	3.33883	3.453E-4	0.98198
1004	3.34065	3.4549E-4	0.98233
1005	3.3459	3.4603E-4	0.98267
1006	3.34689	3.4614E-4	0.98302
1007	3.35713	3.472E-4	0.98336
1008	3.36572	3.4808E-4	0.98371
1009	3.37364	3.489E-4	0.98406
1010	3.37566	3.4911E-4	0.98441
1011	3.37816	3.4937E-4	0.98476
1012	3.37945	3.495E-4	0.98511
1013	3.38663	3.5025E-4	0.98546
1014	3.39351	3.5096E-4	0.98581
1015	3.40281	3.5192E-4	0.98616
1016	3.62795	3.752E-4	0.98654
1017	3.62336	3.7473E-4	0.98691
1018	3.61537	3.739E-4	0.98729
1019	3.60678	3.7301E-4	0.98766
1020	3.60491	3.7282E-4	0.98803
1021	3.60185	3.725E-4	0.98841
1022	3.59404	3.717E-4	0.98878
1023	3.58736	3.7101E-4	0.98915
1024	3.58462	3.7072E-4	0.98952
1025	3.58049	3.7029E-4	0.98989
1026	3.41284	3.5296E-4	0.99024
1027	3.56964	3.6917E-4	0.99061
1028	3.56189	3.6837E-4	0.99098
1029	3.42142	3.5384E-4	0.99133
1030	3.55631	3.6779E-4	0.9917
1031	3.42742	3.5446E-4	0.99206
1032	3.54934	3.6707E-4	0.99242
1033	3.54178	3.6629E-4	0.99279
1034	3.53879	3.6598E-4	0.99315
1035	3.53419	3.6551E-4	0.99352
1036	3.52874	3.6494E-4	0.99389
1037	3.52498	3.6455E-4	0.99425
1038	3.51821	3.6385E-4	0.99461
1039	3.5125	3.6326E-4	0.99498
1040	3.50717	3.6271E-4	0.99534
1041	3.49841	3.6181E-4	0.9957
1042	3.49455	3.6141E-4	0.99606
1043	3.48909	3.6084E-4	0.99642
1044	3.43692	3.5545E-4	0.99678
1045	3.47729	3.5962E-4	0.99714
1046	3.47515	3.594E-4	0.9975
1047	3.46892	3.5876E-4	0.99786
1048	3.46489	3.5834E-4	0.99822
1049	3.46264	3.5811E-4	0.99857
1050	3.4548	3.573E-4	0.99893
1051	3.44796	3.5659E-4	0.99929
1052	3.44523	3.5631E-4	0.99964
1053	3.44602	3.5639E-4	1
