 CHR_A         BP_A                SNP_A  CHR_B         BP_B                SNP_B           R2 
     1        58434       1_58434_tassel      1        58546       1_58546_tassel  2.01314e-05 
     1        58434       1_58434_tassel      1       709982      1_709982_tassel   0.00401317 
     1        58434       1_58434_tassel      1       943917      1_943917_tassel    0.0027534 
     1        58434       1_58434_tassel      1      1065707   1_1065707_samtools    0.0021786 
     1        58434       1_58434_tassel      1      1283795   1_1283795_samtools   0.00449139 
     1        58434       1_58434_tassel      1      6493433       1_6493433_GATK  2.58533e-06 
     1        58434       1_58434_tassel      1      6504407   1_6504407_samtools  0.000169714 
     1        58434       1_58434_tassel      1      7193371     1_7193371_tassel   0.00519111 
     1        58434       1_58434_tassel      1      7430841     1_7430841_tassel  0.000883731 
     1        58434       1_58434_tassel      1      7612006   1_7612006_samtools  0.000121283 
     1        58434       1_58434_tassel      1      7934408       1_7934408_GATK   0.00506612 
     1        58434       1_58434_tassel      1      8242186     1_8242186_tassel  5.40064e-05 
     1        58434       1_58434_tassel      1      8250806     1_8250806_tassel   0.00154679 
     1        58434       1_58434_tassel      1      8350417       1_8350417_GATK  0.000919178 
     1        58434       1_58434_tassel      1      8584273     1_8584273_tassel   0.00206998 
     1        58434       1_58434_tassel      1      8589874     1_8589874_tassel  5.87194e-05 
     1        58434       1_58434_tassel      1      8853778   1_8853778_samtools  0.000557258 
     1        58434       1_58434_tassel      1      9772349     1_9772349_tassel  0.000259358 
     1        58434       1_58434_tassel      1     10181717    1_10181717_tassel  1.06901e-06 
     1        58434       1_58434_tassel      1     11081026      1_11081026_GATK   0.00315553 
     1        58434       1_58434_tassel      1     11951464    1_11951464_tassel  2.41677e-06 
     1        58434       1_58434_tassel      1     12922477    1_12922477_tassel   0.00164664 
     1        58434       1_58434_tassel      1     12942488    1_12942488_tassel   0.00147418 
     1        58434       1_58434_tassel      1     13007070    1_13007070_tassel  3.34134e-05 
     1        58434       1_58434_tassel      1     13555025    1_13555025_tassel   0.00094002 
     1        58434       1_58434_tassel      1     13962973    1_13962973_tassel    0.0102705 
     1        58434       1_58434_tassel      1     14435681  1_14435681_samtools  2.77138e-06 
     1        58434       1_58434_tassel      1     14840201    1_14840201_tassel  2.95781e-05 
     1        58434       1_58434_tassel      1     15840778    1_15840778_tassel  9.31546e-05 
     1        58434       1_58434_tassel      1     15850825    1_15850825_tassel  0.000109484 
     1        58434       1_58434_tassel      1     16093071  1_16093071_samtools  2.40322e-06 
     1        58434       1_58434_tassel      1     16166046  1_16166046_samtools  6.88156e-05 
     1        58434       1_58434_tassel      1     16216271  1_16216271_samtools  3.87417e-06 
     1        58434       1_58434_tassel      1     16216754    1_16216754_tassel   0.00150756 
     1        58434       1_58434_tassel      1     16288534  1_16288534_samtools  4.45456e-06 
     1        58434       1_58434_tassel      1     16603941    1_16603941_tassel  4.02337e-05 
     1        58434       1_58434_tassel      1     16707496  1_16707496_samtools  6.00722e-05 
     1        58434       1_58434_tassel      1     17083362    1_17083362_tassel  7.09873e-06 
     1        58434       1_58434_tassel      1     17210458  1_17210458_samtools  3.71009e-05 
     1        58434       1_58434_tassel      1     17858287      1_17858287_GATK   0.00178687 
     1        58434       1_58434_tassel      1     18444241      1_18444241_GATK   0.00507924 
     1        58434       1_58434_tassel      1     18532189      1_18532189_GATK  0.000698702 
     1        58434       1_58434_tassel      1     18732066  1_18732066_samtools   0.00343493 
     1        58434       1_58434_tassel      1     18738687    1_18738687_tassel  0.000656805 
     1        58434       1_58434_tassel      1     18821421  1_18821421_samtools  9.75793e-05 
     1        58434       1_58434_tassel      1     18826433    1_18826433_tassel   0.00183468 
     1        58434       1_58434_tassel      1     18915450    1_18915450_tassel  0.000898246 
     1        58434       1_58434_tassel      1     19030636    1_19030636_tassel  1.48494e-05 
     1        58434       1_58434_tassel      1     19582050  1_19582050_samtools  0.000331477 
     1        58434       1_58434_tassel      1     20696216    1_20696216_tassel   0.00890549 
     1        58434       1_58434_tassel      1     21330017  1_21330017_samtools   0.00182367 
     1        58434       1_58434_tassel      1     21574212    1_21574212_tassel   0.00275592 
     1        58434       1_58434_tassel      1     21672322    1_21672322_tassel   0.00122148 
     1        58434       1_58434_tassel      1     21898530  1_21898530_samtools  0.000363943 
     1        58434       1_58434_tassel      1     21947062    1_21947062_tassel  0.000594294 
     1        58434       1_58434_tassel      1     22149291    1_22149291_tassel   0.00769404 
     1        58434       1_58434_tassel      1     22257295  1_22257295_samtools   0.00219529 
     1        58434       1_58434_tassel      1     22356258    1_22356258_tassel  0.000428768 
     1        58434       1_58434_tassel      1     22451072    1_22451072_tassel  0.000663413 
     1        58434       1_58434_tassel      1     22738100    1_22738100_tassel   0.00057154 
     1        58434       1_58434_tassel      1     22846947  1_22846947_samtools   0.00310303 
     1        58434       1_58434_tassel      1     22950025      1_22950025_GATK   0.00730033 
     1        58434       1_58434_tassel      1     22953602  1_22953602_samtools   0.00238209 
     1        58434       1_58434_tassel      1     23317132    1_23317132_tassel   0.00278367 
     1        58434       1_58434_tassel      1     23516733      1_23516733_GATK  1.37543e-05 
     1        58434       1_58434_tassel      1     23939177      1_23939177_GATK   0.00148609 
     1        58434       1_58434_tassel      1     23977856    1_23977856_tassel   0.00411275 
     1        58434       1_58434_tassel      1     23989450    1_23989450_tassel  0.000180318 
     1        58434       1_58434_tassel      1     24200675    1_24200675_tassel  0.000358255 
     1        58434       1_58434_tassel      1     24277505      1_24277505_GATK  0.000282769 
     1        58434       1_58434_tassel      1     24424566  1_24424566_samtools  1.92705e-05 
     1        58434       1_58434_tassel      1     24424578    1_24424578_tassel   0.00328369 
     1        58434       1_58434_tassel      1     24805274    1_24805274_tassel   5.7201e-05 
     1        58434       1_58434_tassel      1     24828136    1_24828136_tassel   0.00662091 
     1        58434       1_58434_tassel      1     24828198    1_24828198_tassel   0.00138775 
     1        58434       1_58434_tassel      1     24984971    1_24984971_tassel   0.00649296 
     1        58434       1_58434_tassel      1     25084789    1_25084789_tassel  0.000480916 
     1        58434       1_58434_tassel      1     25533871      1_25533871_GATK   0.00282709 
     1        58434       1_58434_tassel      1     25685738  1_25685738_samtools   0.00045922 
     1        58434       1_58434_tassel      1     25709627      1_25709627_GATK   0.00199355 
     1        58434       1_58434_tassel      1     26150532  1_26150532_samtools   0.00464742 
     1        58434       1_58434_tassel      1     26441788    1_26441788_tassel   0.00447182 
     1        58434       1_58434_tassel      1     26502512  1_26502512_samtools   0.00966696 
     1        58434       1_58434_tassel      1     26939723    1_26939723_tassel   0.00201584 
     1        58434       1_58434_tassel      1     27000442    1_27000442_tassel   0.00923229 
     1        58434       1_58434_tassel      1     27340697    1_27340697_tassel   0.00183921 
     1        58434       1_58434_tassel      1     27646489    1_27646489_tassel    0.0175396 
     1        58434       1_58434_tassel      1     27802657  1_27802657_samtools   0.00247125 
     1        58434       1_58434_tassel      1     28239386    1_28239386_tassel  0.000376244 
     1        58434       1_58434_tassel      1     28252601    1_28252601_tassel   0.00797682 
     1        58434       1_58434_tassel      1     28533366    1_28533366_tassel  0.000194903 
     1        58434       1_58434_tassel      1     28556583      1_28556583_GATK   1.7381e-05 
     1        58434       1_58434_tassel      1     28598097    1_28598097_tassel  0.000160046 
     1        58434       1_58434_tassel      1     28621701  1_28621701_samtools  0.000332875 
     1        58434       1_58434_tassel      1     28633506    1_28633506_tassel  0.000473839 
     1        58434       1_58434_tassel      1     29268189      1_29268189_GATK  4.90701e-07 
     1        58434       1_58434_tassel      1     29329395      1_29329395_GATK  5.19369e-05 
     1        58434       1_58434_tassel      1     29561677    1_29561677_tassel  2.05842e-05 
     1        58434       1_58434_tassel      1     29578718      1_29578718_GATK  9.81707e-05 
     1        58434       1_58434_tassel      1     29614362  1_29614362_samtools   0.00622067 
     1        58434       1_58434_tassel      1     29627347      1_29627347_GATK   0.00674173 
     1        58434       1_58434_tassel      1     29745657      1_29745657_GATK   0.00131728 
     1        58434       1_58434_tassel      1     29940456      1_29940456_GATK      0.00156 
     1        58434       1_58434_tassel      1     30052670    1_30052670_tassel   0.00621549 
     1        58434       1_58434_tassel      1     30318051  1_30318051_samtools   0.00624904 
     1        58434       1_58434_tassel      1     30609810  1_30609810_samtools   0.00124953 
     1        58434       1_58434_tassel      1     30992592    1_30992592_tassel   0.00392568 
     1        58434       1_58434_tassel      1     31012898      1_31012898_GATK   0.00394142 
     1        58434       1_58434_tassel      1     31122358    1_31122358_tassel   0.00776128 
     1        58434       1_58434_tassel      1     31505638  1_31505638_samtools   0.00669062 
     1        58434       1_58434_tassel      1     31528625    1_31528625_tassel   0.00712573 
     1        58434       1_58434_tassel      1     31546506  1_31546506_samtools   0.00331737 
     1        58434       1_58434_tassel      1     32125679  1_32125679_samtools   0.00075934 
     1        58434       1_58434_tassel      1     32169150  1_32169150_samtools   0.00420389 
     1        58434       1_58434_tassel      1     32214777    1_32214777_tassel  2.19157e-05 
     1        58434       1_58434_tassel      1     32289219    1_32289219_tassel  0.000833816 
     1        58434       1_58434_tassel      1     32463948    1_32463948_tassel  0.000120581 
     1        58434       1_58434_tassel      1     32470856    1_32470856_tassel  0.000309914 
     1        58434       1_58434_tassel      2       296662    2_296662_samtools  0.000266244 
     1        58434       1_58434_tassel      2       383705      2_383705_tassel    0.0015617 
     1        58434       1_58434_tassel      2       440903    2_440903_samtools  0.000278536 
     1        58434       1_58434_tassel      2       441737        2_441737_GATK   0.00159888 
     1        58434       1_58434_tassel      2       482423      2_482423_tassel   0.00429867 
     1        58434       1_58434_tassel      2       624386        2_624386_GATK    0.0020814 
     1        58434       1_58434_tassel      2       678262    2_678262_samtools  1.83336e-06 
     1        58434       1_58434_tassel      2       719719        2_719719_GATK  5.07933e-05 
     1        58434       1_58434_tassel      2       822197        2_822197_GATK  0.000353343 
     1        58434       1_58434_tassel      2       825326    2_825326_samtools  0.000485405 
     1        58434       1_58434_tassel      2       825380      2_825380_tassel   0.00187348 
     1        58434       1_58434_tassel      2      1294253     2_1294253_tassel  0.000406943 
     1        58434       1_58434_tassel      2      1367801   2_1367801_samtools   0.00866774 
     1        58434       1_58434_tassel      2      1443506   2_1443506_samtools   0.00172994 
     1        58434       1_58434_tassel      2      1452279   2_1452279_samtools   0.00168763 
     1        58434       1_58434_tassel      2      1481186     2_1481186_tassel   0.00016069 
     1        58434       1_58434_tassel      2      1491921     2_1491921_tassel   0.00109757 
     1        58434       1_58434_tassel      2      1600502     2_1600502_tassel  0.000695014 
     1        58434       1_58434_tassel      2      1790922     2_1790922_tassel  8.97151e-08 
     1        58434       1_58434_tassel      2      1810947   2_1810947_samtools   0.00343614 
     1        58434       1_58434_tassel      2      1866052   2_1866052_samtools   5.5264e-05 
     1        58434       1_58434_tassel      2      3106994     2_3106994_tassel   0.00646791 
     1        58434       1_58434_tassel      2      3199380   2_3199380_samtools   0.00018195 
     1        58434       1_58434_tassel      2      3290450       2_3290450_GATK   0.00430163 
     1        58434       1_58434_tassel      2      3546581     2_3546581_tassel   0.00139719 
     1        58434       1_58434_tassel      2      3697056   2_3697056_samtools  0.000501456 
     1        58434       1_58434_tassel      2      3703287   2_3703287_samtools  5.25003e-08 
     1        58434       1_58434_tassel      2      3809720   2_3809720_samtools   0.00297912 
     1        58434       1_58434_tassel      2      4713722       2_4713722_GATK  0.000365527 
     1        58434       1_58434_tassel      2      4801113   2_4801113_samtools  0.000983914 
     1        58434       1_58434_tassel      2      4905686     2_4905686_tassel  7.16813e-06 
     1        58434       1_58434_tassel      2      5348614     2_5348614_tassel  0.000149657 
     1        58434       1_58434_tassel      2      5354661       2_5354661_GATK  0.000126549 
     1        58434       1_58434_tassel      2      5402279   2_5402279_samtools   0.00140471 
     1        58434       1_58434_tassel      2      5431043       2_5431043_GATK    0.0001703 
     1        58434       1_58434_tassel      2      5598897   2_5598897_samtools  1.31834e-06 
     1        58434       1_58434_tassel      2      5653798     2_5653798_tassel   0.00100772 
     1        58434       1_58434_tassel      2      5733822       2_5733822_GATK   0.00116114 
     1        58434       1_58434_tassel      2      5905546     2_5905546_tassel  0.000531367 
     1        58434       1_58434_tassel      2      6014138   2_6014138_samtools   0.00122654 
     1        58434       1_58434_tassel      2      6381733   2_6381733_samtools  0.000598521 
     1        58434       1_58434_tassel      2      6506811     2_6506811_tassel  3.05437e-06 
     1        58434       1_58434_tassel      2      6689022     2_6689022_tassel  0.000464454 
     1        58434       1_58434_tassel      2      6689306   2_6689306_samtools   0.00445001 
     1        58434       1_58434_tassel      2      6769845       2_6769845_GATK  6.79467e-06 
     1        58434       1_58434_tassel      2      6962150   2_6962150_samtools   0.00140092 
     1        58434       1_58434_tassel      2      7093151   2_7093151_samtools   0.00547383 
     1        58434       1_58434_tassel      2      7129737       2_7129737_GATK   1.2051e-05 
     1        58434       1_58434_tassel      2      7160007       2_7160007_GATK   0.00016322 
     1        58434       1_58434_tassel      2      7160024     2_7160024_tassel   0.00124555 
     1        58434       1_58434_tassel      2      7277418       2_7277418_GATK   0.00647734 
     1        58434       1_58434_tassel      2      7327537   2_7327537_samtools   0.00187029 
     1        58434       1_58434_tassel      2      7467709   2_7467709_samtools   0.00121785 
     1        58434       1_58434_tassel      2      7680825     2_7680825_tassel   0.00169536 
     1        58434       1_58434_tassel      2      7825144   2_7825144_samtools   0.00238842 
     1        58434       1_58434_tassel      2      7860340       2_7860340_GATK  0.000677057 
     1        58434       1_58434_tassel      2      7946556   2_7946556_samtools   0.00231456 
     1        58434       1_58434_tassel      2      7999516   2_7999516_samtools   0.00141591 
     1        58434       1_58434_tassel      2      8019996     2_8019996_tassel   0.00155046 
     1        58434       1_58434_tassel      2      8070627       2_8070627_GATK  0.000103118 
     1        58434       1_58434_tassel      2      8541546   2_8541546_samtools   0.00335798 
     1        58434       1_58434_tassel      2      8675244       2_8675244_GATK  0.000814609 
     1        58434       1_58434_tassel      2      8735845       2_8735845_GATK  2.53934e-06 
     1        58434       1_58434_tassel      2      8761150   2_8761150_samtools  0.000182691 
     1        58434       1_58434_tassel      2      8776660   2_8776660_samtools  0.000844016 
     1        58434       1_58434_tassel      2      9001629     2_9001629_tassel  7.64917e-05 
     1        58434       1_58434_tassel      2      9318316   2_9318316_samtools   0.00181238 
     1        58434       1_58434_tassel      2      9549100   2_9549100_samtools   0.00518886 
     1        58434       1_58434_tassel      2      9957161   2_9957161_samtools  0.000123853 
     1        58434       1_58434_tassel      2      9964766       2_9964766_GATK   0.00342901 
     1        58434       1_58434_tassel      2      9974785     2_9974785_tassel  0.000474328 
     1        58434       1_58434_tassel      2     10074883  2_10074883_samtools  1.10449e-05 
     1        58434       1_58434_tassel      2     10122709    2_10122709_tassel    0.0103857 
     1        58434       1_58434_tassel      2     10157137    2_10157137_tassel  0.000356639 
     1        58434       1_58434_tassel      2     10395444    2_10395444_tassel  0.000419373 
     1        58434       1_58434_tassel      2     11410080  2_11410080_samtools   0.00100694 
     1        58434       1_58434_tassel      2     11416246  2_11416246_samtools   0.00242378 
     1        58434       1_58434_tassel      2     11971772    2_11971772_tassel   0.00634297 
     1        58434       1_58434_tassel      2     13197380  2_13197380_samtools  5.26303e-05 
     1        58434       1_58434_tassel      2     13614719    2_13614719_tassel   0.00690976 
     1        58434       1_58434_tassel      2     13695432      2_13695432_GATK   0.00026081 
     1        58434       1_58434_tassel      2     13765475    2_13765475_tassel   0.00571298 
     1        58434       1_58434_tassel      2     13765476  2_13765476_samtools  0.000918016 
     1        58434       1_58434_tassel      2     13791335      2_13791335_GATK   0.00426298 
     1        58434       1_58434_tassel      2     14195900    2_14195900_tassel  6.68302e-05 
     1        58434       1_58434_tassel      2     14508419  2_14508419_samtools  0.000402545 
     1        58434       1_58434_tassel      2     14508440    2_14508440_tassel    0.0013149 
     1        58434       1_58434_tassel      2     14950142  2_14950142_samtools   0.00247805 
     1        58434       1_58434_tassel      2     15357153    2_15357153_tassel     0.002558 
     1        58434       1_58434_tassel      2     15358827      2_15358827_GATK   0.00433971 
     1        58434       1_58434_tassel      2     15494691    2_15494691_tassel  6.20178e-07 
     1        58434       1_58434_tassel      2     15600368    2_15600368_tassel   0.00708437 
     1        58434       1_58434_tassel      2     15756887    2_15756887_tassel   0.00226529 
     1        58434       1_58434_tassel      2     16634034    2_16634034_tassel  7.23014e-06 
     1        58434       1_58434_tassel      2     16734097      2_16734097_GATK  0.000814781 
     1        58434       1_58434_tassel      2     16809978  2_16809978_samtools   0.00204804 
     1        58434       1_58434_tassel      2     17015034      2_17015034_GATK    0.0011629 
     1        58434       1_58434_tassel      2     17015109    2_17015109_tassel   0.00067055 
     1        58434       1_58434_tassel      2     17081621    2_17081621_tassel  1.08189e-05 
     1        58434       1_58434_tassel      2     17453105    2_17453105_tassel  4.70614e-05 
     1        58434       1_58434_tassel      2     17829946  2_17829946_samtools  0.000213989 
     1        58434       1_58434_tassel      2     18136295    2_18136295_tassel  2.83532e-05 
     1        58434       1_58434_tassel      2     18326484    2_18326484_tassel  0.000468347 
     1        58434       1_58434_tassel      2     18667111    2_18667111_tassel  0.000109095 
     1        58434       1_58434_tassel      2     18830560  2_18830560_samtools   0.00426267 
     1        58434       1_58434_tassel      2     19165238    2_19165238_tassel   0.00159888 
     1        58434       1_58434_tassel      2     19415561      2_19415561_GATK   0.00315355 
     1        58434       1_58434_tassel      2     20576245      2_20576245_GATK   0.00174974 
     1        58434       1_58434_tassel      2     20754432      2_20754432_GATK   0.00241459 
     1        58434       1_58434_tassel      2     20944881    2_20944881_tassel   0.00083444 
     1        58434       1_58434_tassel      2     21059134  2_21059134_samtools  0.000708985 
     1        58434       1_58434_tassel      2     21397465    2_21397465_tassel   0.00632176 
     1        58434       1_58434_tassel      2     22525083    2_22525083_tassel   0.00107268 
     1        58434       1_58434_tassel      2     23499751  2_23499751_samtools    0.0064664 
     1        58434       1_58434_tassel      2     23579674      2_23579674_GATK  0.000606769 
     1        58434       1_58434_tassel      2     24094021    2_24094021_tassel   0.00050882 
     1        58434       1_58434_tassel      2     24518108      2_24518108_GATK   0.00485778 
     1        58434       1_58434_tassel      2     24879963  2_24879963_samtools  0.000409614 
     1        58434       1_58434_tassel      2     25384174      2_25384174_GATK  5.77584e-06 
     1        58434       1_58434_tassel      2     26027585  2_26027585_samtools   0.00101911 
     1        58434       1_58434_tassel      2     26103332    2_26103332_tassel   0.00604215 
     1        58434       1_58434_tassel      2     26141653    2_26141653_tassel   0.00220704 
     1        58434       1_58434_tassel      2     26301435  2_26301435_samtools  0.000332196 
     1        58434       1_58434_tassel      2     26698821    2_26698821_tassel   0.00012794 
     1        58434       1_58434_tassel      2     27195083    2_27195083_tassel  0.000317931 
     1        58434       1_58434_tassel      2     27644098  2_27644098_samtools   0.00317552 
     1        58434       1_58434_tassel      2     27895892    2_27895892_tassel   0.00181871 
     1        58434       1_58434_tassel      2     27899147      2_27899147_GATK  0.000318509 
     1        58434       1_58434_tassel      2     28225414  2_28225414_samtools   0.00460656 
     1        58434       1_58434_tassel      2     28269809    2_28269809_tassel  1.65318e-05 
     1        58434       1_58434_tassel      2     28495511      2_28495511_GATK  0.000633839 
     1        58434       1_58434_tassel      2     28514441  2_28514441_samtools   0.00375111 
     1        58434       1_58434_tassel      2     28538016    2_28538016_tassel   0.00511422 
     1        58434       1_58434_tassel      2     28659306  2_28659306_samtools   0.00206892 
     1        58434       1_58434_tassel      2     28659681    2_28659681_tassel   0.00114557 
     1        58434       1_58434_tassel      2     28826819    2_28826819_tassel    0.0016623 
     1        58434       1_58434_tassel      2     29438837    2_29438837_tassel   0.00119508 
     1        58434       1_58434_tassel      2     29692339      2_29692339_GATK   0.00422424 
     1        58434       1_58434_tassel      2     29896561      2_29896561_GATK  0.000208012 
     1        58434       1_58434_tassel      2     30558266    2_30558266_tassel   0.00813064 
     1        58434       1_58434_tassel      2     30642395      2_30642395_GATK  0.000305578 
     1        58434       1_58434_tassel      2     30762196    2_30762196_tassel   0.00250549 
     1        58434       1_58434_tassel      2     30782056    2_30782056_tassel   0.00241203 
     1        58434       1_58434_tassel      2     30909330  2_30909330_samtools  0.000701617 
     1        58434       1_58434_tassel      2     31176275    2_31176275_tassel   0.00640337 
     1        58434       1_58434_tassel      2     31207445  2_31207445_samtools  0.000976696 
     1        58434       1_58434_tassel      2     31218182      2_31218182_GATK   0.00799318 
     1        58434       1_58434_tassel      2     31295717    2_31295717_tassel   0.00314611 
     1        58434       1_58434_tassel      2     31354720    2_31354720_tassel  0.000912538 
     1        58434       1_58434_tassel      2     31401586    2_31401586_tassel  1.65318e-05 
     1        58434       1_58434_tassel      2     31401602    2_31401602_tassel  1.65318e-05 
     1        58434       1_58434_tassel      2     31626104  2_31626104_samtools  2.38903e-08 
     1        58434       1_58434_tassel      2     31781590      2_31781590_GATK  0.000875813 
     1        58434       1_58434_tassel      2     31819959    2_31819959_tassel   0.00293027 
     1        58434       1_58434_tassel      2     31822416  2_31822416_samtools  0.000222746 
     1        58434       1_58434_tassel      2     31828163    2_31828163_tassel   0.00222726 
     1        58434       1_58434_tassel      2     31835819  2_31835819_samtools   0.00332745 
     1        58434       1_58434_tassel      2     31851513    2_31851513_tassel  4.54821e-06 
     1        58434       1_58434_tassel      2     31902105    2_31902105_tassel   0.00043639 
     1        58434       1_58434_tassel      2     32024190    2_32024190_tassel    0.0011764 
     1        58434       1_58434_tassel      2     32146130      2_32146130_GATK   0.00412038 
     1        58434       1_58434_tassel      2     32153625    2_32153625_tassel    0.0042968 
     1        58434       1_58434_tassel      2     32623754  2_32623754_samtools   0.00107234 
     1        58434       1_58434_tassel      2     33018452    2_33018452_tassel  5.51227e-05 
     1        58434       1_58434_tassel      2     33096457    2_33096457_tassel   0.00117287 
     1        58434       1_58434_tassel      2     33550049    2_33550049_tassel  0.000375254 
     1        58434       1_58434_tassel      2     33995245  2_33995245_samtools  0.000941502 
     1        58434       1_58434_tassel      2     34260130    2_34260130_tassel    0.0178276 
     1        58434       1_58434_tassel      2     34508950    2_34508950_tassel   0.00189868 
     1        58434       1_58434_tassel      2     34516927    2_34516927_tassel  4.66858e-05 
     1        58434       1_58434_tassel      2     34538992      2_34538992_GATK  0.000524886 
     1        58434       1_58434_tassel      2     34538995      2_34538995_GATK  0.000624835 
     1        58434       1_58434_tassel      2     34539054      2_34539054_GATK   0.00549508 
     1        58434       1_58434_tassel      2     34636898      2_34636898_GATK   0.00509243 
     1        58434       1_58434_tassel      2     34874958    2_34874958_tassel   0.00644102 
     1        58434       1_58434_tassel      2     34944614      2_34944614_GATK   0.00172739 
     1        58434       1_58434_tassel      2     35220105    2_35220105_tassel  0.000929551 
     1        58434       1_58434_tassel      2     35538755    2_35538755_tassel  0.000131804 
     1        58434       1_58434_tassel      2     35643678      2_35643678_GATK   0.00179533 
     1        58434       1_58434_tassel      2     35888167    2_35888167_tassel   0.00201026 
     1        58434       1_58434_tassel      2     36019290      2_36019290_GATK  3.10153e-06 
     1        58434       1_58434_tassel      2     36068367    2_36068367_tassel   0.00790131 
     1        58434       1_58434_tassel      2     36166624    2_36166624_tassel   0.00206465 
     1        58434       1_58434_tassel      2     36395655    2_36395655_tassel   0.00682788 
     1        58434       1_58434_tassel      2     36439338  2_36439338_samtools   0.00298967 
     1        58434       1_58434_tassel      2     36869358    2_36869358_tassel   0.00175619 
     1        58434       1_58434_tassel      2     37051399      2_37051399_GATK   0.00341207 
     1        58434       1_58434_tassel      2     37086940  2_37086940_samtools  0.000766176 
     1        58434       1_58434_tassel      3       378538      3_378538_tassel   0.00320993 
     1        58434       1_58434_tassel      3       574186      3_574186_tassel   0.00914961 
     1        58434       1_58434_tassel      3       619873        3_619873_GATK   0.00302081 
     1        58434       1_58434_tassel      3       642016      3_642016_tassel  0.000450649 
     1        58434       1_58434_tassel      3       686875      3_686875_tassel  4.67982e-05 
     1        58434       1_58434_tassel      3      1232060     3_1232060_tassel  0.000115113 
     1        58434       1_58434_tassel      3      1745580   3_1745580_samtools  0.000200172 
     1        58434       1_58434_tassel      3      1755182     3_1755182_tassel   0.00427933 
     1        58434       1_58434_tassel      3      2433554       3_2433554_GATK   0.00258969 
     1        58434       1_58434_tassel      3      2441611       3_2441611_GATK  6.06385e-05 
     1        58434       1_58434_tassel      3      2469724     3_2469724_tassel  0.000361238 
     1        58434       1_58434_tassel      3      2512285   3_2512285_samtools   0.00311926 
     1        58434       1_58434_tassel      3      2558203     3_2558203_tassel   0.00383127 
     1        58434       1_58434_tassel      3      2558327     3_2558327_tassel   0.00170083 
     1        58434       1_58434_tassel      3      2597655     3_2597655_tassel  0.000391452 
     1        58434       1_58434_tassel      3      2630235       3_2630235_GATK  5.32645e-05 
     1        58434       1_58434_tassel      3      2677701     3_2677701_tassel  3.79996e-05 
     1        58434       1_58434_tassel      3      3312082       3_3312082_GATK  0.000486688 
     1        58434       1_58434_tassel      3      3435878     3_3435878_tassel  7.83855e-05 
     1        58434       1_58434_tassel      3      3454479     3_3454479_tassel  0.000155168 
     1        58434       1_58434_tassel      3      3648744     3_3648744_tassel  0.000336022 
     1        58434       1_58434_tassel      3      3655380   3_3655380_samtools   0.00501641 
     1        58434       1_58434_tassel      3      3720362       3_3720362_GATK  0.000503235 
     1        58434       1_58434_tassel      3      4093050     3_4093050_tassel   0.00147359 
     1        58434       1_58434_tassel      3      4096268   3_4096268_samtools   0.00342859 
     1        58434       1_58434_tassel      3      4096328   3_4096328_samtools   0.00763755 
     1        58434       1_58434_tassel      3      4633267     3_4633267_tassel  0.000130355 
     1        58434       1_58434_tassel      3      4652445     3_4652445_tassel   0.00163766 
     1        58434       1_58434_tassel      3      4808890     3_4808890_tassel  0.000325602 
     1        58434       1_58434_tassel      3      4821215       3_4821215_GATK   0.00422082 
     1        58434       1_58434_tassel      3      4826447   3_4826447_samtools   0.00193484 
     1        58434       1_58434_tassel      3      4865203     3_4865203_tassel   0.00398284 
     1        58434       1_58434_tassel      3      5025739       3_5025739_GATK  0.000218722 
     1        58434       1_58434_tassel      3      5028218     3_5028218_tassel  0.000705903 
     1        58434       1_58434_tassel      3      5402502       3_5402502_GATK   0.00503319 
     1        58434       1_58434_tassel      3      5560107     3_5560107_tassel  0.000499219 
     1        58434       1_58434_tassel      3      5817258   3_5817258_samtools  3.23795e-06 
     1        58434       1_58434_tassel      3      5829217   3_5829217_samtools  4.13506e-05 
     1        58434       1_58434_tassel      3      5855382   3_5855382_samtools  7.10105e-05 
     1        58434       1_58434_tassel      3      5863462     3_5863462_tassel  0.000775838 
     1        58434       1_58434_tassel      3      6041568       3_6041568_GATK  0.000793638 
     1        58434       1_58434_tassel      3      6452674   3_6452674_samtools    0.0126046 
     1        58434       1_58434_tassel      3      6581038     3_6581038_tassel   0.00149054 
     1        58434       1_58434_tassel      3      6984467     3_6984467_tassel  0.000338007 
     1        58434       1_58434_tassel      3      7308137       3_7308137_GATK   0.00172236 
     1        58434       1_58434_tassel      3      7344754   3_7344754_samtools  0.000500718 
     1        58434       1_58434_tassel      3      7404723     3_7404723_tassel  0.000965007 
     1        58434       1_58434_tassel      3      7731005   3_7731005_samtools    0.0113243 
     1        58434       1_58434_tassel      3      7787152   3_7787152_samtools    0.0103636 
     1        58434       1_58434_tassel      3      8026513   3_8026513_samtools  0.000251398 
     1        58434       1_58434_tassel      3      8061212   3_8061212_samtools  0.000626261 
     1        58434       1_58434_tassel      3      8098078       3_8098078_GATK    0.0103097 
     1        58434       1_58434_tassel      3      8118953     3_8118953_tassel  0.000158475 
     1        58434       1_58434_tassel      3      8174834   3_8174834_samtools   0.00292142 
     1        58434       1_58434_tassel      3      8687734       3_8687734_GATK   0.00418657 
     1        58434       1_58434_tassel      3      9090573   3_9090573_samtools  0.000160511 
     1        58434       1_58434_tassel      3      9555151   3_9555151_samtools    0.0122657 
     1        58434       1_58434_tassel      3      9980038       3_9980038_GATK  0.000931451 
     1        58434       1_58434_tassel      3     10541959  3_10541959_samtools   0.00062249 
     1        58434       1_58434_tassel      3     10920164  3_10920164_samtools  0.000380528 
     1        58434       1_58434_tassel      3     10927294      3_10927294_GATK  0.000145142 
     1        58434       1_58434_tassel      3     10968698    3_10968698_tassel  8.35706e-05 
     1        58434       1_58434_tassel      3     11309503  3_11309503_samtools  0.000551042 
     1        58434       1_58434_tassel      3     11491980    3_11491980_tassel   0.00538381 
     1        58434       1_58434_tassel      3     11606807    3_11606807_tassel   0.00624496 
     1        58434       1_58434_tassel      3     12979103      3_12979103_GATK  0.000567835 
     1        58434       1_58434_tassel      3     13543987    3_13543987_tassel   0.00270369 
     1        58434       1_58434_tassel      3     13588569  3_13588569_samtools  0.000226638 
     1        58434       1_58434_tassel      3     14180289    3_14180289_tassel  0.000216125 
     1        58434       1_58434_tassel      3     14280308      3_14280308_GATK   0.00953952 
     1        58434       1_58434_tassel      3     14301883    3_14301883_tassel  0.000224876 
     1        58434       1_58434_tassel      3     14457140  3_14457140_samtools   0.00199112 
     1        58434       1_58434_tassel      3     14751471      3_14751471_GATK  5.37854e-05 
     1        58434       1_58434_tassel      3     15078906      3_15078906_GATK  0.000850106 
     1        58434       1_58434_tassel      3     15599214    3_15599214_tassel   0.00536453 
     1        58434       1_58434_tassel      3     15952701    3_15952701_tassel  4.00429e-05 
     1        58434       1_58434_tassel      3     16063379      3_16063379_GATK   0.00471647 
     1        58434       1_58434_tassel      3     16924043    3_16924043_tassel  8.07593e-05 
     1        58434       1_58434_tassel      3     17076755    3_17076755_tassel  9.38765e-05 
     1        58434       1_58434_tassel      3     17667461    3_17667461_tassel  0.000949646 
     1        58434       1_58434_tassel      3     17781433    3_17781433_tassel  0.000664316 
     1        58434       1_58434_tassel      3     18164057    3_18164057_tassel  0.000917122 
     1        58434       1_58434_tassel      3     18606819    3_18606819_tassel  0.000537771 
     1        58434       1_58434_tassel      3     18959724    3_18959724_tassel  0.000353178 
     1        58434       1_58434_tassel      3     19298592    3_19298592_tassel   0.00356695 
     1        58434       1_58434_tassel      3     19546191    3_19546191_tassel   0.00612889 
     1        58434       1_58434_tassel      3     20392725    3_20392725_tassel   0.00244248 
     1        58434       1_58434_tassel      3     21286743  3_21286743_samtools   7.7235e-05 
     1        58434       1_58434_tassel      3     22065013  3_22065013_samtools   0.00667076 
     1        58434       1_58434_tassel      3     22131409    3_22131409_tassel  8.00293e-06 
     1        58434       1_58434_tassel      3     22297601  3_22297601_samtools   0.00931133 
     1        58434       1_58434_tassel      3     22725512    3_22725512_tassel   0.00900974 
     1        58434       1_58434_tassel      3     22828821  3_22828821_samtools   0.00149302 
     1        58434       1_58434_tassel      3     23052473      3_23052473_GATK   0.00479027 
     1        58434       1_58434_tassel      3     23320559      3_23320559_GATK   0.00858397 
     1        58434       1_58434_tassel      3     23767515    3_23767515_tassel   0.00809655 
     1        58434       1_58434_tassel      3     24588794      3_24588794_GATK     0.012661 
     1        58434       1_58434_tassel      3     24641175      3_24641175_GATK   0.00489061 
     1        58434       1_58434_tassel      3     24893369      3_24893369_GATK  0.000119374 
     1        58434       1_58434_tassel      3     24927970    3_24927970_tassel   0.00332994 
     1        58434       1_58434_tassel      3     24937011    3_24937011_tassel     0.001048 
     1        58434       1_58434_tassel      3     25212642    3_25212642_tassel  0.000555427 
     1        58434       1_58434_tassel      3     25772960    3_25772960_tassel   0.00523659 
     1        58434       1_58434_tassel      3     26294605      3_26294605_GATK   0.00741238 
     1        58434       1_58434_tassel      3     26602693      3_26602693_GATK  0.000260635 
     1        58434       1_58434_tassel      3     26897567  3_26897567_samtools  0.000298846 
     1        58434       1_58434_tassel      3     27150670      3_27150670_GATK   0.00156068 
     1        58434       1_58434_tassel      3     27504507  3_27504507_samtools   0.00318796 
     1        58434       1_58434_tassel      3     27600761    3_27600761_tassel   0.00119823 
     1        58434       1_58434_tassel      3     28244188    3_28244188_tassel  0.000999592 
     1        58434       1_58434_tassel      3     28443117    3_28443117_tassel   0.00132016 
     1        58434       1_58434_tassel      3     29048441    3_29048441_tassel   0.00482092 
     1        58434       1_58434_tassel      3     29208144    3_29208144_tassel  0.000365661 
     1        58434       1_58434_tassel      3     29668484    3_29668484_tassel   0.00321595 
     1        58434       1_58434_tassel      3     30334906  3_30334906_samtools   0.00218135 
     1        58434       1_58434_tassel      3     30394519  3_30394519_samtools   0.00232536 
     1        58434       1_58434_tassel      3     30499752      3_30499752_GATK  0.000262257 
     1        58434       1_58434_tassel      3     30739528      3_30739528_GATK  3.19686e-05 
     1        58434       1_58434_tassel      3     31520194      3_31520194_GATK   0.00356251 
     1        58434       1_58434_tassel      3     31949882  3_31949882_samtools   0.00773757 
     1        58434       1_58434_tassel      3     32113344    3_32113344_tassel  0.000212773 
     1        58434       1_58434_tassel      3     32236417      3_32236417_GATK   0.00348691 
     1        58434       1_58434_tassel      3     32247453      3_32247453_GATK   0.00132113 
     1        58434       1_58434_tassel      3     32323168      3_32323168_GATK  1.12497e-05 
     1        58434       1_58434_tassel      3     32833864    3_32833864_tassel   0.00144691 
     1        58434       1_58434_tassel      3     32905424    3_32905424_tassel    0.0153542 
     1        58434       1_58434_tassel      3     33406694  3_33406694_samtools    0.0033234 
     1        58434       1_58434_tassel      3     33503640    3_33503640_tassel   0.00155935 
     1        58434       1_58434_tassel      3     33521763    3_33521763_tassel  2.69742e-08 
     1        58434       1_58434_tassel      3     33567059  3_33567059_samtools    0.0101263 
     1        58434       1_58434_tassel      3     33705113  3_33705113_samtools   0.00277376 
     1        58434       1_58434_tassel      3     33760795    3_33760795_tassel   0.00111727 
     1        58434       1_58434_tassel      3     33967265    3_33967265_tassel   0.00677309 
     1        58434       1_58434_tassel      3     34128553    3_34128553_tassel    0.0058767 
     1        58434       1_58434_tassel      3     34564609    3_34564609_tassel  0.000255072 
     1        58434       1_58434_tassel      3     34617002      3_34617002_GATK     0.002384 
     1        58434       1_58434_tassel      3     34628618      3_34628618_GATK   0.00246158 
     1        58434       1_58434_tassel      3     34702829      3_34702829_GATK  4.44637e-05 
     1        58434       1_58434_tassel      3     34824954  3_34824954_samtools  5.46282e-05 
     1        58434       1_58434_tassel      3     35344035      3_35344035_GATK   0.00514048 
     1        58434       1_58434_tassel      3     35435116      3_35435116_GATK  4.03577e-05 
     1        58434       1_58434_tassel      3     35712882      3_35712882_GATK  0.000196535 
     1        58434       1_58434_tassel      3     35896308      3_35896308_GATK   0.00310322 
     1        58434       1_58434_tassel      3     35912562    3_35912562_tassel   0.00350154 
     1        58434       1_58434_tassel      3     36057483      3_36057483_GATK  6.50872e-08 
     1        58434       1_58434_tassel      3     36272684    3_36272684_tassel  0.000201779 
     1        58434       1_58434_tassel      3     36462295    3_36462295_tassel   0.00423521 
     1        58434       1_58434_tassel      3     36530948    3_36530948_tassel  7.73765e-05 
     1        58434       1_58434_tassel      3     36633864    3_36633864_tassel  0.000554039 
     1        58434       1_58434_tassel      3     36725906  3_36725906_samtools   0.00426567 
     1        58434       1_58434_tassel      3     36850716  3_36850716_samtools   0.00398467 
     1        58434       1_58434_tassel      3     37306245  3_37306245_samtools   0.00639451 
     1        58434       1_58434_tassel      4         7608      4_7608_samtools   0.00723237 
     1        58434       1_58434_tassel      4       840804      4_840804_tassel  4.15004e-05 
     1        58434       1_58434_tassel      4       943068        4_943068_GATK   0.00450503 
     1        58434       1_58434_tassel      4       963095      4_963095_tassel  0.000464391 
     1        58434       1_58434_tassel      4      1015190     4_1015190_tassel   0.00164535 
     1        58434       1_58434_tassel      4      1405020       4_1405020_GATK  0.000165255 
     1        58434       1_58434_tassel      4      1414907   4_1414907_samtools   0.00597719 
     1        58434       1_58434_tassel      4      1434736     4_1434736_tassel   0.00165564 
     1        58434       1_58434_tassel      4      1560356   4_1560356_samtools   0.00134508 
     1        58434       1_58434_tassel      4      2153498       4_2153498_GATK   0.00122469 
     1        58434       1_58434_tassel      4      2153780       4_2153780_GATK  0.000490383 
     1        58434       1_58434_tassel      4      2501966     4_2501966_tassel   0.00256179 
     1        58434       1_58434_tassel      4      2550663   4_2550663_samtools   0.00101875 
     1        58434       1_58434_tassel      4      2593863     4_2593863_tassel  2.17285e-06 
     1        58434       1_58434_tassel      4      2601483   4_2601483_samtools  9.61768e-05 
     1        58434       1_58434_tassel      4      2601994   4_2601994_samtools   0.00125747 
     1        58434       1_58434_tassel      4      2834213     4_2834213_tassel   0.00027919 
     1        58434       1_58434_tassel      4      3192322     4_3192322_tassel  3.38722e-06 
     1        58434       1_58434_tassel      4      4026743       4_4026743_GATK  0.000213345 
     1        58434       1_58434_tassel      4      4310432   4_4310432_samtools    0.0010381 
     1        58434       1_58434_tassel      4      4861131     4_4861131_tassel  0.000426029 
     1        58434       1_58434_tassel      4      4900087     4_4900087_tassel   0.00387745 
     1        58434       1_58434_tassel      4      5182481     4_5182481_tassel   0.00525701 
     1        58434       1_58434_tassel      4      5885984   4_5885984_samtools   0.00396564 
     1        58434       1_58434_tassel      4      6053964     4_6053964_tassel  2.10052e-05 
     1        58434       1_58434_tassel      4      6192498     4_6192498_tassel   0.00184245 
     1        58434       1_58434_tassel      4      6314200     4_6314200_tassel  6.06346e-05 
     1        58434       1_58434_tassel      4      6328458   4_6328458_samtools   0.00294064 
     1        58434       1_58434_tassel      4      6424073   4_6424073_samtools   0.00334231 
     1        58434       1_58434_tassel      4      6704234   4_6704234_samtools   0.00442097 
     1        58434       1_58434_tassel      4      6743730       4_6743730_GATK   0.00700068 
     1        58434       1_58434_tassel      4      6743918       4_6743918_GATK   0.00158479 
     1        58434       1_58434_tassel      4      6850076     4_6850076_tassel  0.000312679 
     1        58434       1_58434_tassel      4      7014126     4_7014126_tassel   0.00601799 
     1        58434       1_58434_tassel      4      7624221     4_7624221_tassel   0.00176862 
     1        58434       1_58434_tassel      4      7785566   4_7785566_samtools    0.0041244 
     1        58434       1_58434_tassel      4      8098233     4_8098233_tassel  0.000191768 
     1        58434       1_58434_tassel      4      8323792     4_8323792_tassel  0.000442665 
     1        58434       1_58434_tassel      4      8323845     4_8323845_tassel  2.72597e-05 
     1        58434       1_58434_tassel      4      8353057     4_8353057_tassel  0.000680211 
     1        58434       1_58434_tassel      4      9679328     4_9679328_tassel  0.000389326 
